SNP	pheno	maf	prev	table	minN	logit_OR	logit_p-val	fisher_OR	fisher_pval	exact_OR	exact_p-val	bayes factor
exm1001583	pheno_528.12	5.955e-03	1.052e-03	[[27206, 317, 1], [25, 3, 1]]	1	14.57	1.276e-08	16.19	2.418e-05	16.19	5.181e-03	35.13
exm1002571	pheno_747.2	2.704e-03	3.517e-03	[[27790, 141], [92, 6]]	6	12.26	7.511e-09	12.85	1.329e-05	12.85	2.930e-03	58.13
exm1004207	pheno_603.2	1.565e-03	2.692e-03	[[9602, 31], [23, 3]]	3	0.00	0.000e+00	40.40	9.804e-05	40.40	2.348e-02	9.63
exm1008143	pheno_686.9	1.598e-03	1.483e-02	[[24515, 69], [362, 8]]	8	7.88	4.467e-08	7.85	1.870e-05	7.85	1.731e-03	91.87
exm1009556	pheno_446.8	1.296e-03	1.619e-03	[[23981, 61, 1], [36, 3, 0]]	0	22.65	1.236e-07	30.49	1.737e-04	30.49	2.162e-02	10.08
exm1018460	pheno_306.1	1.077e-03	2.638e-03	[[10188, 15, 3], [24, 3, 0]]	0	0.00	0.000e+00	57.12	3.379e-05	57.12	2.150e-02	10.40
exm1018502	pheno_555.21	1.263e-03	7.288e-03	[[21177, 43, 2], [151, 4, 1]]	1	10.16	3.062e-08	17.69	2.476e-06	17.69	2.298e-03	73.93
exm1019383	pheno_281.11	6.662e-03	1.054e-02	[[18815, 238, 1], [191, 12, 0]]	0	5.55	2.903e-08	4.81	1.741e-05	4.81	6.939e-04	203.28
exm1019383	pheno_281.1	6.662e-03	1.935e-02	[[18815, 238, 1], [359, 17, 0]]	0	4.10	6.607e-08	3.65	1.286e-05	3.65	3.429e-04	381.40
exm1020021	pheno_722.9	1.397e-03	1.930e-03	[[24235, 65], [44, 3]]	3	27.48	6.362e-08	25.42	3.094e-04	25.42	2.353e-02	9.39
exm1021377	pheno_362.6	1.649e-03	2.223e-03	[[26393, 86], [55, 4]]	4	22.72	3.954e-09	22.32	4.881e-05	22.32	1.003e-02	19.71
exm10227	pheno_686.2	7.419e-03	1.584e-03	[[24227, 357, 1], [33, 6, 0]]	0	11.00	4.114e-08	11.33	2.607e-05	11.33	3.360e-03	51.04
exm1023206	pheno_420.21	6.982e-03	2.535e-03	[[26784, 358, 1], [62, 7, 0]]	0	8.24	9.211e-08	8.00	4.553e-05	8.00	2.685e-03	61.09
exm1023746	pheno_726.2	1.447e-03	1.272e-03	[[23487, 70], [27, 3]]	3	34.25	1.372e-08	37.28	1.087e-04	37.28	2.215e-02	10.02
exm1024736	pheno_245.1	1.430e-03	1.148e-03	[[23432, 67, 2], [24, 3, 0]]	0	22.07	5.062e-08	38.88	8.741e-05	38.88	2.067e-02	10.54
exm1025139	pheno_913	1.019e-03	1.533e-03	[[25452, 50], [38, 3]]	3	40.58	2.029e-09	40.19	8.504e-05	40.19	2.142e-02	10.29
exm1025643	pheno_010	1.194e-03	1.799e-03	[[24903, 59], [42, 3]]	3	31.11	2.262e-08	30.15	1.912e-04	30.15	2.256e-02	9.78
exm1029246	pheno_642.1	4.125e-03	6.860e-03	[[14850, 122], [95, 7]]	7	0.00	0.000e+00	8.97	2.686e-05	8.97	2.516e-03	65.77
exm1029246	pheno_575	4.125e-03	2.400e-02	[[26683, 212], [644, 19]]	19	3.72	6.208e-08	3.71	3.676e-06	3.71	1.616e-04	773.38
exm1029246	pheno_697	4.125e-03	1.112e-02	[[24604, 207], [271, 12]]	12	5.24	4.819e-08	5.26	7.915e-06	5.26	5.245e-04	266.07
exm1029569	pheno_090	5.570e-03	1.181e-03	[[29262, 323, 1], [30, 5, 0]]	0	14.19	2.634e-08	13.93	4.681e-05	13.93	5.705e-03	31.95
exm1030337	pheno_755.1	1.046e-03	2.107e-03	[[29209, 58], [59, 3]]	3	33.26	7.592e-08	25.61	2.967e-04	25.61	2.317e-02	9.50
exm1030816	pheno_270.1	1.346e-03	2.057e-03	[[27582, 62, 0], [50, 4, 3]]	0	34.70	1.564e-15	85.65	7.556e-11	85.65	3.551e-05	3796.10
exm1030816	pheno_270	1.346e-03	2.072e-02	[[27582, 62, 0], [574, 8, 3]]	0	8.50	5.461e-13	10.79	5.296e-10	10.79	2.515e-05	4951.14
exm1030816	pheno_270.2	1.346e-03	1.697e-03	[[27582, 62, 0], [44, 1, 2]]	0	23.82	1.209e-09	50.04	1.123e-07	50.04	2.975e-03	59.65
exm1030816	pheno_306	1.346e-03	4.924e-03	[[20355, 55, 0], [98, 1, 2]]	0	10.35	4.687e-07	18.81	1.207e-05	18.81	4.668e-03	38.79
exm1033106	pheno_586.3	1.043e-03	1.525e-03	[[22211, 46, 0], [32, 1, 1]]	0	32.77	1.503e-08	44.62	5.946e-05	44.62	2.033e-02	10.73
exm1034738	pheno_642.1	1.942e-03	6.860e-03	[[15093, 57], [99, 5]]	5	0.00	0.000e+00	13.37	6.357e-05	13.37	6.427e-03	28.87
exm1036574	pheno_697	2.210e-03	1.112e-02	[[25066, 106, 2], [274, 7, 1]]	1	6.04	6.792e-08	7.41	7.750e-06	7.41	9.561e-04	156.77
exm1037875	pheno_731	2.067e-03	1.381e-03	[[22022, 84], [29, 3]]	3	33.14	1.925e-08	27.12	2.678e-04	27.12	2.370e-02	9.38
exm1038928	pheno_592.2	1.817e-02	1.504e-03	[[20514, 718, 8], [25, 6, 1]]	1	7.92	3.896e-08	8.12	1.543e-05	8.12	1.680e-03	94.90
exm1040858	pheno_433.11	1.161e-03	5.530e-03	[[24590, 48, 0], [133, 3, 1]]	0	16.80	4.470e-08	19.06	1.151e-05	19.06	4.681e-03	38.76
exm1042558	pheno_526.5	7.573e-03	1.669e-03	[[27099, 397, 3], [40, 6, 0]]	0	9.07	1.405e-07	9.45	6.721e-05	9.45	4.149e-03	41.72
exm1044077	pheno_221	1.920e-03	2.372e-03	[[12136, 47], [26, 3]]	3	0.00	0.000e+00	29.79	2.189e-04	29.79	2.407e-02	9.33
exm1044519	pheno_323.8	9.766e-03	1.543e-03	[[28523, 558, 3], [38, 7, 0]]	0	8.60	6.813e-08	8.61	3.100e-05	8.61	2.493e-03	65.91
exm1045523	pheno_420	1.228e-03	2.106e-02	[[27087, 58], [575, 9]]	9	7.20	4.546e-08	7.31	1.106e-05	7.31	1.211e-03	127.46
exm1045591	pheno_626.14	1.665e-03	2.702e-03	[[11039, 31], [27, 3]]	3	0.00	0.000e+00	39.57	1.008e-04	39.57	2.313e-02	9.73
exm1047380	pheno_295.1	2.618e-03	3.904e-03	[[20233, 104], [75, 5]]	5	12.06	1.510e-07	12.97	6.914e-05	12.97	6.347e-03	29.06
exm1048192	pheno_362.29	1.093e-03	9.834e-03	[[26428, 54], [257, 6]]	6	13.10	3.154e-08	11.43	2.741e-05	11.43	3.574e-03	48.56
exm1050291	pheno_624	1.564e-03	5.804e-03	[[13834, 42], [77, 4]]	4	0.00	0.000e+00	17.11	1.427e-04	17.11	1.209e-02	16.68
exm1052799	pheno_802	1.046e-03	8.456e-03	[[22307, 43], [197, 4]]	4	17.47	1.293e-07	10.53	8.095e-04	10.53	1.647e-02	12.46
exm1052962	pheno_870.6	4.224e-03	8.769e-04	[[25989, 210, 0], [20, 2, 1]]	0	20.52	1.443e-08	23.67	3.846e-05	23.67	9.679e-03	20.36
exm1053243	pheno_731	1.761e-03	1.381e-03	[[22037, 72], [29, 3]]	3	36.48	8.371e-09	31.66	1.725e-04	31.66	2.283e-02	9.72
exm1053243	pheno_394.2	1.761e-03	5.848e-03	[[21684, 71], [131, 5]]	5	13.17	5.371e-08	11.66	1.115e-04	11.66	6.978e-03	26.56
exm1054490	pheno_642.1	2.418e-03	6.860e-03	[[15062, 72], [100, 5]]	5	0.00	0.000e+00	10.46	1.881e-04	10.46	7.978e-03	23.51
exm1054959	pheno_333.8	2.002e-03	1.408e-03	[[22597, 94], [29, 3]]	3	27.65	9.659e-08	24.87	3.419e-04	24.87	2.426e-02	9.18
exm1055697	pheno_626.11	1.093e-03	1.442e-02	[[11050, 21], [157, 5]]	5	0.00	0.000e+00	16.76	3.019e-05	16.76	6.604e-03	29.02
exm1056970	pheno_597.8	2.675e-03	6.178e-03	[[26410, 133], [158, 7]]	7	9.33	2.462e-08	8.80	2.727e-05	8.80	2.402e-03	68.20
exm1057912	pheno_715.2	1.093e-03	2.300e-03	[[24254, 42], [53, 3]]	3	38.27	4.063e-09	32.69	1.526e-04	32.69	2.222e-02	9.92
exm1058296	pheno_876	6.393e-03	1.980e-03	[[25877, 321, 5], [47, 4, 1]]	1	8.15	1.485e-07	9.63	5.979e-05	9.63	3.993e-03	43.18
exm1059236	pheno_292.2	1.161e-03	1.452e-03	[[24003, 60], [32, 3]]	3	43.77	1.978e-09	37.50	1.050e-04	37.50	2.187e-02	10.11
exm1060234	pheno_530.6	1.379e-03	2.129e-03	[[19171, 49], [38, 3]]	3	34.31	2.727e-08	30.89	1.840e-04	30.89	2.286e-02	9.70
exm1062820	pheno_526.3	3.484e-03	1.343e-03	[[27308, 186], [33, 4]]	4	17.33	1.738e-07	17.80	1.215e-04	17.80	1.174e-02	17.14
exm106534	pheno_743.21	1.043e-03	7.582e-03	[[22988, 44], [171, 5]]	5	15.63	2.785e-08	15.28	3.449e-05	15.28	5.765e-03	32.02
exm1065517	pheno_292.1	7.503e-03	2.135e-02	[[23711, 350, 2], [502, 22, 1]]	1	3.11	9.841e-08	3.16	2.731e-06	3.16	8.756e-05	1346.95
exm106603	pheno_282.9	1.564e-03	4.232e-03	[[19000, 57], [76, 5]]	5	22.69	1.241e-09	21.93	6.420e-06	21.93	4.499e-03	40.48
exm106603	pheno_283.2	1.564e-03	3.347e-03	[[19000, 57], [60, 4]]	4	23.01	5.217e-09	22.22	5.161e-05	22.22	1.031e-02	19.28
exm106603	pheno_282	1.564e-03	5.635e-03	[[19000, 57], [103, 5]]	5	16.58	1.852e-08	16.18	2.595e-05	16.18	5.430e-03	33.79
exm1066104	pheno_370.1	1.792e-03	2.718e-03	[[22687, 74], [63, 4]]	4	20.22	1.456e-08	19.47	8.209e-05	19.47	1.075e-02	18.47
exm1066585	pheno_735.22	1.615e-03	9.093e-04	[[26286, 82, 1], [21, 3, 0]]	0	32.88	5.401e-09	41.79	7.088e-05	41.79	2.038e-02	10.68
exm1068060	pheno_710	2.693e-03	2.359e-02	[[24158, 128, 1], [571, 16, 0]]	0	4.94	1.783e-09	5.15	4.131e-07	5.15	9.386e-05	1331.82
exm1068060	pheno_710.1	2.693e-03	2.265e-02	[[24158, 128, 1], [548, 15, 0]]	0	4.82	8.530e-09	5.03	1.192e-06	5.03	1.632e-04	789.78
exm1068136	pheno_816	1.430e-03	1.252e-03	[[28631, 77, 1], [33, 3, 0]]	0	25.17	3.412e-08	31.56	1.554e-04	31.56	2.126e-02	10.22
exm1068322	pheno_255.3	1.496e-02	1.165e-03	[[24966, 754, 6], [22, 8, 0]]	0	10.36	2.669e-09	10.18	3.220e-06	10.18	1.126e-03	139.05
exm1069490	pheno_286.12	1.026e-03	1.504e-03	[[22509, 49], [31, 3]]	3	47.38	6.386e-10	44.45	6.544e-05	44.45	2.143e-02	10.33
exm1070202	pheno_187.2	1.161e-03	4.895e-03	[[11774, 18], [55, 3]]	3	0.00	0.000e+00	35.68	1.390e-04	35.68	2.400e-02	9.44
exm1073244	pheno_599.8	4.609e-03	1.816e-03	[[21779, 203, 0], [36, 3, 1]]	0	13.65	2.311e-08	14.37	4.036e-05	14.37	5.534e-03	32.85
exm1073661	pheno_149.3	4.475e-03	1.533e-03	[[27757, 244], [38, 5]]	5	15.39	1.467e-08	14.97	3.874e-05	14.97	5.963e-03	31.11
exm107506	pheno_259.8	4.979e-03	8.932e-04	[[25473, 249, 6], [19, 4, 0]]	0	12.77	8.658e-08	18.68	9.433e-05	18.68	1.089e-02	18.23
exm1077952	pheno_800.2	1.363e-03	8.920e-03	[[25374, 63, 0], [224, 4, 1]]	0	9.22	1.655e-07	10.71	3.640e-05	10.71	3.680e-03	46.96
exm1078163	pheno_375	1.026e-03	3.821e-03	[[25757, 53], [95, 4]]	4	20.17	1.359e-08	20.46	6.782e-05	20.46	1.046e-02	18.94
exm1079829	pheno_474.1	1.178e-03	1.478e-03	[[20890, 52], [28, 3]]	3	42.64	7.227e-09	43.04	7.282e-05	43.04	2.173e-02	10.21
exm1081043	pheno_575.1	2.127e-03	8.587e-03	[[27165, 109], [229, 8]]	8	8.78	5.664e-09	8.71	8.200e-06	8.71	1.298e-03	119.70
exm1081043	pheno_571.6	2.127e-03	1.011e-02	[[23127, 101], [229, 8]]	8	7.70	4.811e-08	8.00	1.521e-05	8.00	1.565e-03	100.43
exm1081369	pheno_571.6	1.247e-03	1.011e-02	[[23206, 53], [232, 6]]	6	10.76	5.413e-08	11.32	2.917e-05	11.32	3.648e-03	47.67
exm1081492	pheno_451.2	3.666e-02	9.459e-03	[[21030, 1561, 28], [181, 32, 3]]	3	2.63	2.231e-08	2.60	6.987e-07	2.60	1.819e-05	5833.34
exm1081887	pheno_523.3	2.586e-02	3.369e-03	[[26104, 1387, 2], [76, 17, 0]]	0	4.15	1.097e-07	3.88	6.613e-06	3.88	2.582e-04	501.16
exm1084167	pheno_149.3	2.507e-03	1.533e-03	[[27865, 135], [39, 4]]	4	26.40	1.290e-09	21.17	6.139e-05	21.17	1.050e-02	18.95
exm1084167	pheno_592.13	2.507e-03	3.098e-03	[[21132, 107], [61, 5]]	5	14.12	4.076e-08	16.19	2.540e-05	16.19	5.355e-03	34.17
exm1085535	pheno_112.3	3.006e-03	3.836e-03	[[25458, 149, 0], [93, 6, 0]]	0	11.09	2.110e-08	10.71	3.281e-05	10.71	3.395e-03	50.17
exm1086230	pheno_642.1	2.431e-03	6.860e-03	[[15075, 78], [99, 6]]	6	0.00	0.000e+00	11.71	2.421e-05	11.71	3.484e-03	49.71
exm1086230	pheno_575.1	2.431e-03	8.587e-03	[[27137, 126], [229, 8]]	8	7.74	3.491e-08	7.52	2.217e-05	7.52	1.710e-03	92.06
exm1086336	pheno_523.1	2.777e-03	7.647e-03	[[27355, 144, 1], [204, 8, 0]]	0	6.85	1.216e-07	7.23	2.709e-05	7.23	1.753e-03	89.48
exm1086782	pheno_010	1.178e-03	1.799e-03	[[24891, 59], [42, 3]]	3	32.56	1.499e-08	30.13	1.915e-04	30.13	2.256e-02	9.77
exm1092064	pheno_580.4	2.664e-03	3.894e-03	[[22092, 112], [82, 5]]	5	12.27	1.022e-07	12.03	9.584e-05	12.03	6.723e-03	27.48
exm1094882	pheno_157	1.486e-03	8.602e-03	[[25191, 75], [214, 6]]	6	9.66	1.744e-07	9.42	7.314e-05	9.42	4.377e-03	39.90
exm1095188	pheno_271.9	1.077e-03	6.754e-04	[[29528, 59, 1], [18, 2, 0]]	0	60.00	5.634e-08	51.01	8.465e-04	51.01	5.459e-02	4.64
exm1097059	pheno_743.22	1.514e-03	4.279e-03	[[22973, 58], [95, 4]]	4	17.48	7.088e-08	16.68	1.456e-04	16.68	1.166e-02	17.10
exm1097680	pheno_701.3	1.161e-03	1.965e-03	[[26348, 61], [49, 3]]	3	28.78	4.743e-08	26.44	2.740e-04	26.44	2.314e-02	9.53
exm1097680	pheno_258	1.161e-03	2.288e-03	[[25669, 58], [56, 3]]	3	26.07	1.024e-07	23.71	3.726e-04	23.71	2.384e-02	9.26
exm1098203	pheno_360.2	2.676e-03	1.659e-03	[[26326, 136, 1], [41, 2, 1]]	1	14.65	5.151e-08	18.22	9.661e-05	18.22	1.049e-02	18.70
exm1099035	pheno_871.3	1.935e-03	2.170e-03	[[26112, 94, 1], [53, 4, 0]]	0	16.49	4.671e-08	19.82	7.026e-05	19.82	1.002e-02	19.53
exm1099035	pheno_110.13	1.935e-03	3.372e-03	[[25613, 96, 1], [83, 4, 0]]	0	11.35	1.407e-06	12.32	4.105e-04	12.32	1.348e-02	14.80
exm1101699	pheno_530.9	4.425e-03	9.380e-03	[[19060, 157, 0], [173, 9, 0]]	0	6.43	1.232e-07	6.18	2.966e-05	6.18	1.455e-03	105.08
exm1105441	pheno_586.3	5.535e-03	1.525e-03	[[22023, 228, 5], [29, 5, 0]]	0	11.95	1.385e-08	14.76	3.638e-05	14.76	5.497e-03	33.14
exm1106680	pheno_642.1	2.195e-03	6.860e-03	[[15084, 68], [99, 6]]	6	0.00	0.000e+00	13.44	1.167e-05	13.44	3.036e-03	56.73
exm1107163	pheno_728.1	1.464e-03	9.753e-04	[[23500, 58, 2], [20, 3, 0]]	0	27.51	7.080e-09	52.95	3.634e-05	52.95	1.986e-02	10.98
exm1108572	pheno_642.1	1.758e-03	6.860e-03	[[15080, 56], [99, 5]]	5	0.00	0.000e+00	13.60	5.901e-05	13.60	6.345e-03	29.23
exm1110501	pheno_642.1	3.165e-03	6.860e-03	[[15024, 100], [97, 7]]	7	0.00	0.000e+00	10.84	8.425e-06	10.84	1.907e-03	85.62
exm1110501	pheno_697	3.165e-03	1.112e-02	[[24937, 154], [270, 11]]	11	6.45	4.777e-09	6.60	2.466e-06	6.60	4.238e-04	330.48
exm1110501	pheno_575.1	3.165e-03	8.587e-03	[[27036, 165], [224, 9]]	9	6.80	4.082e-08	6.58	1.912e-05	6.58	1.273e-03	119.43
exm1114645	pheno_459.9	3.445e-03	1.693e-02	[[21150, 136], [377, 11]]	11	5.31	2.089e-07	4.54	7.067e-05	4.54	1.516e-03	99.08
exm1116107	pheno_539	1.060e-03	7.219e-03	[[29367, 58], [209, 5]]	5	13.58	4.187e-08	12.11	9.364e-05	12.11	6.732e-03	27.49
exm1116495	pheno_259.8	1.262e-03	8.932e-04	[[25671, 54, 2], [20, 3, 0]]	0	32.02	2.152e-09	61.82	2.314e-05	61.82	1.946e-02	11.20
exm111896	pheno_713.5	1.669e-03	3.364e-03	[[24149, 79], [78, 4]]	4	16.76	8.835e-08	15.68	1.804e-04	15.68	1.197e-02	16.66
exm1119928	pheno_340.1	1.416e-03	4.440e-03	[[27895, 75, 1], [119, 5, 0]]	0	13.40	1.950e-08	14.93	3.327e-05	14.93	5.294e-03	34.20
exm112120	pheno_703.8	1.497e-03	1.576e-03	[[27795, 82], [41, 3]]	3	25.21	1.188e-07	24.80	3.295e-04	24.80	2.360e-02	9.36
exm1124179	pheno_573.2	1.909e-02	1.492e-02	[[22451, 833, 5], [312, 32, 9]]	5	4.02	1.851e-20	4.14	2.859e-11	4.14	9.899e-13	nan
exm1124179	pheno_270.3	1.909e-02	1.706e-02	[[26634, 994, 6], [437, 30, 13]]	6	3.29	2.000e-17	3.34	-5.521e-11	3.34	6.872e-14	nan
exm1124179	pheno_571.51	1.909e-02	2.985e-02	[[22451, 833, 5], [654, 54, 9]]	5	2.83	1.127e-16	2.87	2.642e-11	2.87	1.390e-11	nan
exm1124179	pheno_270	1.909e-02	2.072e-02	[[26634, 994, 6], [537, 34, 13]]	6	2.84	8.927e-15	2.92	2.399e-11	2.92	1.110e-16	nan
exm1124179	pheno_851	1.909e-02	1.763e-02	[[24137, 904, 11], [408, 33, 9]]	9	3.01	2.946e-14	3.19	-2.687e-11	3.19	2.023e-08	nan
exm1124179	pheno_571.8	1.909e-02	2.335e-02	[[22451, 833, 5], [511, 38, 8]]	5	2.73	2.217e-12	2.76	3.658e-10	2.76	1.228e-07	nan
exm1124179	pheno_571.5	1.909e-02	4.083e-02	[[22451, 833, 5], [921, 61, 10]]	5	2.28	2.783e-12	2.31	2.094e-10	2.31	2.543e-08	nan
exm1124179	pheno_571.81	1.909e-02	1.551e-02	[[22451, 833, 5], [337, 23, 7]]	5	2.84	1.102e-09	2.88	6.680e-08	2.88	5.170e-06	nan
exm1124179	pheno_571	1.909e-02	4.975e-02	[[22451, 833, 5], [1143, 67, 10]]	5	1.98	1.672e-09	2.01	2.820e-08	2.01	4.946e-07	177689.28
exm1124179	pheno_530.2	1.909e-02	1.879e-02	[[18499, 696, 9], [338, 25, 5]]	5	2.59	5.271e-08	2.64	1.641e-06	2.64	2.808e-05	3862.65
exm1124193	pheno_531.1	4.004e-03	3.531e-03	[[28280, 224], [94, 7]]	7	9.46	1.911e-08	9.40	1.847e-05	9.40	2.192e-03	74.49
exm1124516	pheno_420.22	2.204e-03	3.524e-03	[[27032, 113], [91, 5]]	5	13.16	4.202e-08	13.14	6.251e-05	13.14	6.094e-03	30.07
exm1124581	pheno_071	1.194e-03	5.005e-03	[[24393, 57, 1], [118, 5, 0]]	0	17.54	8.616e-10	17.18	1.807e-05	17.18	4.899e-03	36.97
exm1125014	pheno_339	2.353e-03	7.844e-04	[[27730, 117, 4], [20, 1, 1]]	1	16.64	7.954e-08	32.53	1.462e-04	32.53	2.148e-02	10.17
exm1127406	pheno_571.6	1.181e-03	1.011e-02	[[23185, 46, 0], [232, 6, 0]]	0	12.25	1.284e-08	12.88	1.446e-05	12.88	3.156e-03	54.74
exm112779	pheno_526.41	3.264e-03	2.357e-03	[[27340, 168, 3], [61, 3, 1]]	1	9.74	9.800e-08	12.61	7.021e-05	12.61	5.996e-03	30.31
exm1127996	pheno_220	3.382e-03	6.740e-03	[[12161, 70], [77, 6]]	6	0.00	0.000e+00	13.54	1.172e-05	13.54	3.105e-03	55.72
exm1130553	pheno_697	2.585e-03	1.112e-02	[[25008, 126], [272, 10]]	10	7.15	4.106e-09	7.30	3.000e-06	7.30	5.729e-04	251.83
exm1130553	pheno_575.1	2.585e-03	8.587e-03	[[27113, 135], [229, 8]]	8	7.16	1.064e-07	7.02	3.551e-05	7.02	1.973e-03	80.41
exm1134114	pheno_790.8	1.598e-03	4.640e-03	[[25875, 78], [116, 5]]	5	14.46	1.531e-08	14.30	4.307e-05	14.30	5.723e-03	31.95
exm113805	pheno_502	3.096e-03	1.763e-02	[[20117, 111, 2], [354, 7, 2]]	2	5.21	6.332e-08	5.40	1.537e-05	5.40	8.181e-04	177.15
exm1144019	pheno_614.1	1.834e-03	5.762e-03	[[14265, 55], [78, 5]]	5	0.00	0.000e+00	16.63	2.396e-05	16.63	5.492e-03	33.57
exm1144074	pheno_367.9	1.026e-03	1.024e-02	[[27315, 51], [277, 6]]	6	11.94	1.507e-08	11.60	2.554e-05	11.60	3.543e-03	49.02
exm1145890	pheno_733.4	1.044e-03	7.411e-03	[[25246, 48], [184, 5]]	5	13.49	4.931e-08	14.29	4.576e-05	14.29	5.982e-03	30.85
exm1146241	pheno_686.3	2.709e-03	1.016e-03	[[24447, 137], [21, 4]]	4	33.03	6.094e-10	33.99	1.190e-05	33.99	9.738e-03	20.76
exm1147252	pheno_642.1	2.429e-03	6.860e-03	[[15092, 77], [98, 6]]	6	0.00	0.000e+00	12.00	2.129e-05	12.00	3.395e-03	50.96
exm1149181	pheno_642.1	2.182e-03	6.860e-03	[[15059, 67], [98, 6]]	6	0.00	0.000e+00	13.76	1.030e-05	13.76	2.971e-03	57.93
exm1150507	pheno_441	1.043e-03	6.773e-03	[[24000, 51], [159, 5]]	5	14.76	1.575e-08	14.80	3.874e-05	14.80	5.783e-03	31.82
exm1150507	pheno_550.3	1.043e-03	7.704e-04	[[25886, 53], [18, 2]]	2	72.55	3.678e-08	54.27	8.172e-04	54.27	5.680e-02	4.54
exm1153299	pheno_446.6	2.810e-03	1.453e-03	[[23919, 129], [31, 4]]	4	22.97	6.296e-09	23.92	4.076e-05	23.92	1.030e-02	19.42
exm115552	pheno_054	1.098e-03	8.153e-03	[[24290, 49], [196, 5]]	5	13.37	6.110e-08	12.65	8.007e-05	12.65	6.655e-03	27.90
exm1157929	pheno_411.41	1.346e-03	2.540e-03	[[21935, 53], [53, 3]]	3	25.60	1.218e-07	23.43	3.913e-04	23.43	2.415e-02	9.17
exm1160128	pheno_368.3	5.115e-03	8.431e-04	[[26988, 262, 3], [19, 4, 0]]	0	16.22	2.957e-08	19.27	8.366e-05	19.27	1.069e-02	18.54
exm1161045	pheno_696.41	1.292e-01	1.226e-02	[[18091, 5306, 399], [181, 97, 17]]	17	1.93	4.537e-11	1.94	6.150e-10	1.94	0.000e+00	3305927.21
exm1161045	pheno_696.4	1.292e-01	1.610e-02	[[18091, 5306, 399], [247, 125, 17]]	17	1.74	7.297e-10	1.75	4.799e-09	1.75	6.421e-12	1088612.23
exm1161045	pheno_696	1.292e-01	1.667e-02	[[18091, 5306, 399], [259, 127, 17]]	17	1.69	3.707e-09	1.70	1.691e-08	1.70	2.010e-07	415863.63
exm1161676	pheno_374.2	1.719e-03	1.089e-03	[[25284, 87], [25, 3]]	3	33.67	1.540e-08	34.87	1.322e-04	34.87	2.251e-02	9.87
exm1165508	pheno_697	2.227e-03	1.112e-02	[[25064, 108, 1], [275, 9, 0]]	0	6.86	2.479e-08	7.35	8.196e-06	7.35	9.728e-04	154.22
exm1165508	pheno_642.1	2.227e-03	6.860e-03	[[15093, 69, 0], [99, 5, 0]]	0	0.00	0.000e+00	10.80	1.538e-04	10.80	7.413e-03	25.05
exm1169144	pheno_874	3.348e-03	1.904e-03	[[26033, 171], [44, 6]]	6	19.16	2.795e-11	20.76	1.072e-06	20.76	2.107e-03	80.68
exm1170353	pheno_110.12	2.433e-03	4.029e-03	[[25495, 115], [97, 5]]	5	12.26	1.114e-07	11.43	1.182e-04	11.43	6.953e-03	26.57
exm1171782	pheno_642.1	2.701e-03	6.860e-03	[[15070, 83], [98, 6]]	6	0.00	0.000e+00	11.12	3.189e-05	11.12	3.688e-03	47.08
exm1173113	pheno_378.1	1.935e-03	1.001e-02	[[25713, 96], [252, 9]]	9	8.33	1.911e-08	9.57	1.145e-06	9.57	5.879e-04	250.60
exm1174428	pheno_571.6	2.383e-03	1.011e-02	[[23087, 112], [229, 8]]	8	6.86	2.405e-07	7.20	3.086e-05	7.20	1.921e-03	82.67
exm1176384	pheno_642.1	2.400e-03	6.860e-03	[[15057, 70], [99, 6]]	6	0.00	0.000e+00	13.04	1.374e-05	13.04	3.127e-03	55.15
exm1177565	pheno_751.11	4.037e-03	2.175e-03	[[15030, 111, 1], [29, 4, 0]]	0	0.00	0.000e+00	17.23	1.257e-04	17.23	1.124e-02	17.64
exm1177994	pheno_642.1	1.453e-03	6.860e-03	[[15093, 47], [100, 5]]	5	0.00	0.000e+00	16.06	2.830e-05	16.06	5.662e-03	32.64
exm117887	pheno_389.2	1.211e-03	1.652e-02	[[25838, 50, 2], [426, 9, 0]]	0	7.43	1.206e-07	10.01	9.397e-07	10.01	6.179e-04	242.03
exm1179874	pheno_642.1	2.210e-03	6.860e-03	[[15081, 67], [98, 6]]	6	0.00	0.000e+00	13.78	1.022e-05	13.78	2.967e-03	58.02
exm1180284	pheno_474.1	1.901e-03	1.478e-03	[[20859, 83], [28, 3]]	3	31.73	5.801e-08	26.93	2.754e-04	26.93	2.386e-02	9.34
exm1180599	pheno_165	3.322e-01	4.352e-02	[[12577, 12299, 3077], [483, 611, 178]]	178	1.26	6.804e-08	1.24	2.106e-07	1.24	0.000e+00	208793.21
exm1180599	pheno_165.1	3.322e-01	4.284e-02	[[12577, 12299, 3077], [475, 600, 176]]	176	1.26	7.074e-08	1.25	2.125e-07	1.25	3.980e-07	205070.19
exm1181642	pheno_297.2	2.355e-03	2.833e-03	[[20319, 91], [54, 4]]	4	16.20	1.802e-07	16.54	1.525e-04	16.54	1.184e-02	16.89
exm1181796	pheno_686.3	1.194e-03	1.016e-03	[[24529, 56], [23, 2]]	2	58.93	2.783e-07	38.09	1.582e-03	38.09	5.814e-02	4.42
exm1184280	pheno_519.2	1.057e-03	2.132e-03	[[24069, 45], [51, 3]]	3	34.20	1.067e-08	31.46	1.698e-04	31.46	2.238e-02	9.85
exm1187096	pheno_870.5	1.009e-03	2.246e-03	[[26158, 48], [56, 3]]	3	29.90	2.774e-08	29.19	2.077e-04	29.19	2.261e-02	9.74
exm1188984	pheno_575.1	1.030e-03	8.587e-03	[[27218, 51], [231, 6]]	6	14.05	1.554e-09	13.86	9.653e-06	13.86	2.908e-03	59.09
exm1188984	pheno_157	1.030e-03	8.602e-03	[[25215, 49], [215, 5]]	5	11.80	2.658e-07	11.97	1.027e-04	11.97	6.999e-03	26.61
exm1189248	pheno_530.15	3.971e-03	2.646e-03	[[19069, 149], [45, 6]]	6	15.73	2.925e-09	17.06	3.284e-06	17.06	2.509e-03	68.40
exm1189673	pheno_358.1	1.077e-03	5.102e-03	[[26663, 52], [132, 5]]	5	19.97	4.500e-10	19.42	1.087e-05	19.42	4.714e-03	38.59
exm1189673	pheno_358	1.077e-03	5.657e-03	[[26663, 52], [147, 5]]	5	17.82	1.741e-09	17.44	1.792e-05	17.44	5.066e-03	36.03
exm1189778	pheno_643	2.052e-03	1.773e-03	[[15139, 63], [24, 3]]	3	0.00	0.000e+00	30.04	2.111e-04	30.04	2.385e-02	9.40
exm1190406	pheno_642.1	2.310e-03	6.860e-03	[[15006, 72], [99, 5]]	5	0.00	0.000e+00	10.53	1.830e-04	10.53	7.929e-03	23.65
exm1190406	pheno_571.6	2.310e-03	1.011e-02	[[22978, 108], [229, 8]]	8	7.04	1.717e-07	7.43	2.499e-05	7.43	1.805e-03	87.71
exm119231	pheno_529	2.170e-03	3.079e-03	[[27409, 116], [80, 5]]	5	14.37	1.523e-08	14.77	3.688e-05	14.77	5.547e-03	32.89
exm1192377	pheno_365.11	1.379e-03	1.462e-02	[[26415, 67], [385, 8]]	8	9.15	2.215e-08	8.19	1.398e-05	8.19	1.596e-03	99.29
exm1193525	pheno_537.1	2.507e-03	1.772e-03	[[25775, 132], [42, 4]]	4	18.19	5.805e-08	18.60	9.924e-05	18.60	1.116e-02	17.88
exm1193637	pheno_803.3	4.291e-03	5.317e-03	[[25228, 208], [128, 8]]	8	7.53	5.408e-08	7.58	2.122e-05	7.58	1.694e-03	92.94
exm1193931	pheno_327.5	1.447e-03	1.108e-03	[[24285, 63, 1], [24, 3, 0]]	0	28.85	1.857e-07	44.01	6.117e-05	44.01	2.023e-02	10.76
exm1193943	pheno_441	4.997e-03	6.773e-03	[[23829, 219, 1], [154, 9, 1]]	1	7.06	2.926e-10	7.52	6.370e-07	7.52	2.581e-04	527.03
exm1193943	pheno_283.1	4.997e-03	3.712e-03	[[18874, 181, 1], [65, 5, 1]]	1	9.65	4.581e-09	10.75	7.540e-06	10.75	1.704e-03	94.14
exm1194288	pheno_701.5	2.153e-03	2.154e-03	[[26301, 109, 1], [53, 4, 0]]	0	15.03	9.772e-08	17.27	1.173e-04	17.27	1.076e-02	18.25
exm1196037	pheno_743.4	1.279e-03	1.777e-03	[[22974, 60], [38, 3]]	3	29.71	3.896e-08	30.23	1.920e-04	30.23	2.271e-02	9.73
exm1196213	pheno_697	2.616e-03	1.112e-02	[[25028, 130], [273, 10]]	10	6.92	6.953e-09	7.05	3.984e-06	7.05	6.238e-04	232.10
exm1196213	pheno_575.1	2.616e-03	8.587e-03	[[27140, 137], [229, 8]]	8	7.06	1.300e-07	6.92	3.893e-05	6.92	2.030e-03	78.26
exm1197686	pheno_619.3	2.122e-03	3.169e-03	[[14382, 69], [42, 4]]	4	0.00	0.000e+00	19.85	8.228e-05	19.85	1.119e-02	17.93
exm1199056	pheno_750.22	1.463e-03	1.468e-03	[[24589, 68], [29, 3]]	3	35.42	2.166e-08	37.41	1.065e-04	37.41	2.198e-02	10.07
exm1199091	pheno_580.31	1.598e-03	1.120e-02	[[22189, 68], [245, 7]]	7	9.52	2.236e-08	9.32	2.106e-05	9.32	2.363e-03	69.84
exm1199091	pheno_750.22	1.598e-03	1.468e-03	[[27798, 85], [38, 3]]	3	25.42	2.106e-07	25.82	2.956e-04	25.82	2.342e-02	9.43
exm1199819	pheno_724	3.062e-03	4.587e-03	[[24170, 136, 1], [105, 7, 0]]	0	11.02	8.737e-10	11.33	5.248e-06	11.33	1.545e-03	103.12
exm1199819	pheno_724.1	3.062e-03	8.221e-04	[[24170, 136, 1], [17, 3, 0]]	0	26.94	4.774e-08	28.48	2.176e-04	28.48	2.244e-02	9.79
exm1201371	pheno_575.1	1.477e-03	8.587e-03	[[27036, 73], [229, 6]]	6	9.85	1.085e-07	9.70	6.224e-05	9.70	4.200e-03	41.47
exm1202219	pheno_209	1.009e-03	1.818e-03	[[29585, 57], [51, 3]]	3	29.32	3.242e-08	30.53	1.807e-04	30.53	2.221e-02	9.89
exm1204512	pheno_529	7.301e-03	3.079e-03	[[27135, 388, 2], [77, 8, 0]]	0	6.87	1.423e-07	6.89	3.731e-05	6.89	1.932e-03	81.57
exm1204723	pheno_780	1.548e-03	2.334e-03	[[29409, 86], [64, 5]]	5	25.47	2.023e-11	26.72	2.379e-06	26.72	3.879e-03	46.38
exm1206135	pheno_735.3	1.094e-03	7.415e-03	[[26294, 54], [192, 5]]	5	12.68	1.256e-07	12.68	7.738e-05	12.68	6.533e-03	28.32
exm1207461	pheno_593.1	8.075e-03	8.588e-03	[[20919, 320, 1], [171, 13, 0]]	0	5.01	3.210e-08	4.79	7.963e-06	4.79	4.290e-04	317.04
exm1208411	pheno_259.1	2.305e-03	3.370e-03	[[25614, 114], [82, 5]]	5	13.01	5.116e-08	13.70	5.227e-05	13.70	5.923e-03	30.92
exm1208970	pheno_157	2.372e-03	8.602e-03	[[25246, 107], [212, 8]]	8	8.74	1.004e-08	8.90	7.095e-06	8.90	1.256e-03	123.60
exm1210031	pheno_593.1	1.045e-03	8.588e-03	[[21164, 32], [179, 5]]	5	23.06	2.818e-10	18.47	1.559e-05	18.47	5.343e-03	34.73
exm1210031	pheno_367.1	1.045e-03	2.723e-02	[[27271, 48], [756, 10]]	10	7.68	7.534e-09	7.52	3.434e-06	7.52	7.285e-04	205.36
exm1210044	pheno_593.1	1.077e-03	8.588e-03	[[21206, 34], [179, 5]]	5	21.30	6.703e-10	17.42	2.011e-05	17.42	5.492e-03	33.77
exm1210765	pheno_378.1	1.151e-02	1.001e-02	[[25223, 578, 5], [241, 20, 0]]	0	3.65	6.468e-08	3.46	4.555e-06	3.46	1.504e-04	816.93
exm1212566	pheno_281.9	2.170e-03	7.086e-03	[[18983, 74, 0], [130, 6, 0]]	0	11.82	1.652e-08	11.60	2.320e-05	11.60	3.289e-03	52.12
exm1213606	pheno_255.3	1.767e-03	1.165e-03	[[25632, 93], [27, 3]]	3	34.12	1.953e-08	30.62	1.894e-04	30.62	2.300e-02	9.66
exm1213606	pheno_724.9	1.767e-03	1.274e-03	[[24221, 83], [28, 3]]	3	31.51	3.178e-08	31.27	1.783e-04	31.27	2.287e-02	9.71
exm1214448	pheno_642.1	2.226e-03	6.860e-03	[[15094, 68], [100, 5]]	5	0.00	0.000e+00	11.10	1.449e-04	11.10	7.536e-03	24.81
exm121746	pheno_305.21	1.598e-03	1.126e-03	[[20343, 69], [20, 3]]	3	69.61	2.102e-10	44.22	7.061e-05	44.22	2.229e-02	10.05
exm1217630	pheno_571.6	1.232e-03	1.011e-02	[[23175, 53], [229, 6]]	6	10.99	4.167e-08	11.46	2.739e-05	11.46	3.598e-03	48.30
exm1217917	pheno_446.3	1.377e-03	1.826e-03	[[21276, 50, 0], [40, 3, 0]]	0	32.26	1.770e-08	30.80	1.714e-04	30.80	2.177e-02	10.04
exm1220681	pheno_283.2	1.377e-02	3.347e-03	[[18516, 486, 8], [53, 10, 0]]	0	6.25	2.075e-08	6.44	8.348e-06	6.44	7.876e-04	185.82
exm1221478	pheno_283.1	4.054e-03	3.712e-03	[[18910, 147, 0], [64, 7, 0]]	0	14.06	8.350e-11	13.39	1.885e-06	13.39	1.275e-03	124.26
exm1221478	pheno_283	4.054e-03	8.945e-03	[[18910, 147, 0], [163, 9, 0]]	0	7.07	2.951e-08	6.94	1.244e-05	6.94	1.092e-03	137.93
exm1221833	pheno_735.1	4.341e-03	2.119e-03	[[26149, 218, 0], [50, 6, 0]]	0	14.39	1.079e-09	13.64	8.922e-06	13.64	2.600e-03	64.70
exm1221854	pheno_550.1	1.009e-03	2.128e-02	[[25891, 47], [556, 8]]	8	9.90	2.827e-08	7.93	2.022e-05	7.93	1.905e-03	84.86
exm1222295	pheno_874	1.615e-03	1.904e-03	[[26130, 76], [46, 4]]	4	31.61	1.295e-10	29.90	1.654e-05	29.90	9.089e-03	21.70
exm1223760	pheno_385.5	1.127e-03	1.341e-03	[[26007, 59], [32, 3]]	3	38.30	4.130e-09	41.32	7.912e-05	41.32	2.143e-02	10.30
exm1224152	pheno_694	4.778e-03	1.078e-02	[[25008, 233, 1], [263, 12, 0]]	0	4.96	9.316e-08	4.77	1.818e-05	4.77	6.982e-04	201.81
exm1225195	pheno_293	2.052e-03	1.054e-03	[[27380, 104], [26, 3]]	3	30.23	3.520e-08	30.38	1.941e-04	30.38	2.307e-02	9.63
exm1226011	pheno_523.32	1.178e-03	1.126e-03	[[27448, 63], [28, 3]]	3	46.87	6.526e-10	46.68	5.631e-05	46.68	2.116e-02	10.45
exm122672	pheno_279.2	1.834e-03	1.133e-03	[[27229, 97], [28, 3]]	3	28.54	6.566e-08	30.08	1.977e-04	30.08	2.298e-02	9.65
exm1238297	pheno_635.2	1.161e-03	2.866e-03	[[15272, 34], [41, 3]]	3	0.00	0.000e+00	32.87	1.595e-04	32.87	2.301e-02	9.68
exm1238729	pheno_596.5	1.060e-03	2.110e-02	[[26495, 47], [564, 8]]	8	8.89	1.744e-08	8.00	1.901e-05	8.00	1.871e-03	86.33
exm1239281	pheno_158	7.049e-03	9.416e-03	[[25013, 337, 4], [228, 12, 1]]	1	4.19	1.136e-07	4.37	9.834e-06	4.37	4.040e-04	332.23
exm1239974	pheno_277	1.855e-03	8.238e-03	[[25246, 89, 0], [219, 4, 1]]	0	14.92	3.909e-09	7.71	1.973e-04	7.71	5.605e-03	31.49
exm1240317	pheno_300.3	3.146e-03	3.223e-03	[[20290, 122], [61, 5]]	5	14.10	3.475e-08	13.63	5.596e-05	13.63	6.148e-03	29.99
exm1241620	pheno_642.1	2.792e-03	6.860e-03	[[15034, 88], [98, 7]]	7	0.00	0.000e+00	12.20	4.071e-06	12.20	1.642e-03	98.88
exm1241620	pheno_697	2.792e-03	1.112e-02	[[24962, 136], [270, 11]]	11	7.36	4.317e-10	7.48	7.882e-07	7.48	2.994e-04	461.24
exm1241703	pheno_200.1	6.188e-03	7.286e-03	[[26121, 147], [183, 9]]	9	0.00	0.000e+00	8.74	2.202e-06	8.74	6.741e-04	218.95
exm1241703	pheno_200	6.188e-03	1.873e-02	[[26121, 147], [487, 14]]	14	0.00	0.000e+00	5.11	2.215e-06	5.11	2.404e-04	549.99
exm1244963	pheno_446.6	1.369e-02	1.453e-03	[[23377, 645, 1], [28, 7, 0]]	0	9.11	1.362e-07	8.14	4.741e-05	8.14	2.923e-03	57.10
exm1247268	pheno_270.32	1.474e-03	1.134e-02	[[27381, 74], [309, 7]]	7	8.71	8.327e-08	8.38	3.910e-05	8.38	2.743e-03	60.51
exm1247933	pheno_270.32	1.043e-03	1.134e-02	[[27589, 51], [311, 6]]	6	11.09	4.822e-08	10.44	4.523e-05	10.44	4.035e-03	43.37
exm1249577	pheno_204.3	1.302e-02	1.074e-03	[[26279, 694, 5], [22, 6, 1]]	1	11.87	1.136e-10	12.10	9.401e-07	12.10	8.581e-04	180.34
exm1255809	pheno_502	1.262e-03	1.763e-02	[[20185, 43], [356, 7]]	7	9.69	5.665e-08	9.23	2.599e-05	9.23	2.695e-03	62.45
exm1256501	pheno_079.2	1.851e-03	1.021e-03	[[24366, 81, 3], [23, 1, 1]]	1	24.18	4.955e-09	35.81	1.107e-04	35.81	2.100e-02	10.38
exm1257719	pheno_794	1.396e-03	1.687e-03	[[29500, 80], [47, 3]]	3	23.48	1.969e-07	23.54	3.778e-04	23.54	2.380e-02	9.27
exm1260167	pheno_728.71	1.264e-03	2.667e-03	[[23468, 44, 2], [60, 3, 0]]	0	18.56	1.678e-07	23.87	3.532e-04	23.87	2.330e-02	9.42
exm1261200	pheno_642.1	2.748e-03	6.860e-03	[[15081, 87], [98, 6]]	6	0.00	0.000e+00	10.61	4.071e-05	10.61	3.889e-03	44.77
exm1261200	pheno_697	2.748e-03	1.112e-02	[[25047, 139], [274, 10]]	10	6.44	2.272e-08	6.58	7.092e-06	6.58	7.472e-04	195.34
exm1261995	pheno_930	1.026e-03	4.977e-03	[[24146, 43], [117, 4]]	4	20.30	1.149e-07	19.20	8.827e-05	19.20	1.099e-02	18.14
exm1262354	pheno_324	1.127e-03	3.389e-03	[[29046, 63], [95, 4]]	4	19.54	1.675e-08	19.41	8.079e-05	19.41	1.057e-02	18.70
exm1262644	pheno_571.6	2.062e-03	1.011e-02	[[23096, 99], [230, 8]]	8	7.71	4.823e-08	8.11	1.382e-05	8.11	1.526e-03	102.94
exm1262644	pheno_642.1	2.062e-03	6.860e-03	[[15073, 65], [99, 5]]	5	0.00	0.000e+00	11.71	1.143e-04	11.71	7.175e-03	25.99
exm1264809	pheno_523.32	1.009e-03	1.126e-03	[[27463, 47], [28, 3]]	3	65.40	2.932e-11	62.61	2.442e-05	62.61	2.053e-02	10.77
exm1264809	pheno_525	1.009e-03	4.739e-03	[[27463, 47], [127, 4]]	4	18.20	4.052e-08	18.40	1.013e-04	18.40	1.108e-02	17.96
exm1269718	pheno_281.11	1.464e-03	1.054e-02	[[19014, 43], [197, 6]]	6	13.42	3.489e-08	13.47	1.221e-05	13.47	3.169e-03	54.83
exm1270003	pheno_430.3	3.617e-03	6.091e-03	[[24466, 169], [143, 8]]	8	7.82	3.518e-08	8.10	1.345e-05	8.10	1.483e-03	105.45
exm1272378	pheno_172.1	8.607e-02	4.747e-02	[[20278, 3622, 175], [915, 264, 20]]	20	1.64	1.331e-14	1.61	-4.570e-11	1.61	0.000e+00	nan
exm1272378	pheno_172	8.607e-02	1.130e-01	[[20278, 3622, 175], [2433, 592, 39]]	39	1.40	2.655e-13	1.37	-7.861e-11	1.37	2.318e-11	nan
exm1272378	pheno_172.11	8.607e-02	4.137e-02	[[20278, 3622, 175], [789, 232, 17]]	17	1.66	1.277e-13	1.63	-1.318e-11	1.63	2.776e-15	nan
exm1272378	pheno_702.1	8.607e-02	6.829e-02	[[19086, 3407, 165], [1315, 319, 26]]	26	1.45	5.257e-10	1.40	1.743e-08	1.40	0.000e+00	nan
exm1272378	pheno_172.2	8.607e-02	8.372e-02	[[20278, 3622, 175], [1752, 417, 27]]	27	1.36	5.741e-09	1.34	5.100e-08	1.34	4.994e-10	nan
exm1272386	pheno_172.11	7.746e-02	4.137e-02	[[20560, 3379, 137], [818, 209, 12]]	12	1.55	1.792e-09	1.54	1.034e-08	1.54	2.220e-16	nan
exm1272386	pheno_172.1	7.746e-02	4.747e-02	[[20560, 3379, 137], [952, 233, 15]]	15	1.50	2.268e-09	1.50	1.001e-08	1.50	0.000e+00	nan
exm127281	pheno_353	1.329e-03	5.744e-03	[[25891, 68], [145, 5]]	5	13.08	4.859e-08	13.13	6.420e-05	13.13	6.199e-03	29.66
exm1273309	pheno_610.2	1.060e-03	1.613e-03	[[12357, 20, 0], [18, 2, 0]]	0	0.00	0.000e+00	65.09	5.744e-04	65.09	5.601e-02	4.60
exm1277018	pheno_512.2	1.072e-01	1.613e-02	[[15285, 3675, 206], [217, 83, 13]]	13	1.77	8.815e-08	1.77	4.645e-07	1.77	3.522e-06	26655.55
exm1279195	pheno_635.3	1.717e-03	1.370e-03	[[15256, 42, 3], [19, 1, 1]]	1	0.00	0.000e+00	48.96	4.762e-05	48.96	2.062e-02	10.66
exm1279453	pheno_352.2	1.430e-03	6.011e-03	[[25887, 75], [152, 5]]	5	11.82	1.487e-07	11.35	1.231e-04	11.35	7.058e-03	26.23
exm1282050	pheno_703.8	2.692e-03	1.576e-03	[[27730, 148], [40, 4]]	4	18.86	3.310e-08	18.74	9.672e-05	18.74	1.114e-02	17.92
exm1282379	pheno_642.1	4.017e-03	6.860e-03	[[14977, 119], [94, 8]]	8	0.00	0.000e+00	10.71	2.165e-06	10.71	9.944e-04	155.64
exm1282533	pheno_286.3	1.077e-03	1.941e-03	[[12324, 18], [22, 2]]	2	0.00	0.000e+00	62.24	6.714e-04	62.24	5.814e-02	4.49
exm1282943	pheno_731	1.569e-03	1.381e-03	[[22321, 62], [29, 3]]	3	51.08	5.912e-10	37.24	1.087e-04	37.24	2.210e-02	10.03
exm1283283	pheno_293	6.025e-03	1.054e-03	[[27140, 334], [24, 5]]	5	16.81	1.191e-08	16.93	2.572e-05	16.93	6.093e-03	31.02
exm1283919	pheno_312.3	3.247e-03	1.177e-03	[[27841, 170, 0], [30, 2, 1]]	0	20.49	9.829e-09	21.20	5.550e-05	21.20	9.818e-03	19.95
exm1285169	pheno_279.8	2.725e-03	8.044e-04	[[27184, 142], [19, 3]]	3	31.04	4.467e-08	30.23	2.088e-04	30.23	2.398e-02	9.38
exm1290818	pheno_158	1.968e-03	9.416e-03	[[25265, 89, 0], [233, 8, 0]]	0	10.18	8.313e-10	9.60	4.050e-06	9.60	1.072e-03	143.53
exm129256	pheno_705.3	2.910e-03	1.610e-03	[[26501, 155, 1], [39, 4, 0]]	0	16.49	6.320e-08	16.52	1.394e-04	16.52	1.110e-02	17.74
exm1292563	pheno_535.2	3.314e-03	1.711e-02	[[25752, 156], [438, 13]]	13	4.87	1.054e-07	4.90	7.426e-06	4.90	4.456e-04	308.13
exm1292569	pheno_535.2	3.197e-03	1.711e-02	[[25753, 149], [438, 13]]	13	5.08	5.196e-08	5.13	4.685e-06	5.13	3.731e-04	364.96
exm1293251	pheno_798.1	1.021e-03	3.149e-03	[[15218, 27], [49, 3]]	3	35.94	1.928e-08	34.51	1.410e-04	34.51	2.300e-02	9.71
exm1297321	pheno_731	1.444e-03	1.381e-03	[[22208, 55], [29, 3]]	3	47.62	7.550e-10	41.77	7.854e-05	41.77	2.170e-02	10.21
exm129979	pheno_379.4	1.464e-03	1.122e-03	[[25740, 68], [26, 3]]	3	42.22	1.903e-09	43.68	6.903e-05	43.68	2.155e-02	10.29
exm1300180	pheno_302.1	3.163e-03	1.712e-03	[[20280, 126, 2], [31, 4, 0]]	0	15.26	5.738e-08	18.97	8.552e-05	18.97	1.048e-02	18.79
exm1300180	pheno_302	3.163e-03	2.882e-03	[[20280, 126, 2], [54, 5, 0]]	0	11.37	6.942e-08	13.85	4.700e-05	13.85	5.630e-03	32.25
exm1301097	pheno_713.5	3.785e-03	3.364e-03	[[24116, 179, 1], [76, 6, 0]]	0	9.94	4.573e-08	10.16	4.381e-05	10.16	3.643e-03	46.95
exm130531	pheno_872	1.043e-03	2.322e-03	[[26150, 55], [58, 3]]	3	26.07	9.010e-08	24.59	3.358e-04	24.59	2.358e-02	9.36
exm1306150	pheno_110.13	1.094e-03	3.372e-03	[[25656, 53], [81, 6]]	6	36.19	1.071e-15	35.86	4.821e-08	35.86	1.522e-03	110.27
exm1307508	pheno_621	2.019e-03	4.224e-03	[[15265, 55], [61, 4]]	4	0.00	0.000e+00	18.20	1.109e-04	18.20	1.150e-02	17.42
exm1308508	pheno_580.4	1.061e-03	3.894e-03	[[22184, 46], [83, 4]]	4	22.75	5.680e-09	23.24	4.327e-05	23.24	1.007e-02	19.71
exm130948	pheno_709.2	7.890e-03	6.300e-03	[[24376, 386, 1], [146, 10, 1]]	1	4.91	1.464e-07	5.03	1.073e-05	5.03	5.591e-04	248.84
exm131017	pheno_500	1.413e-03	3.252e-03	[[20175, 54], [62, 4]]	4	22.24	8.013e-09	24.10	3.792e-05	24.10	9.944e-03	19.95
exm1316513	pheno_281.1	1.464e-03	1.935e-02	[[19001, 55], [369, 7]]	7	8.65	2.611e-07	6.55	1.891e-04	6.55	4.649e-03	37.20
exm1317404	pheno_642.1	2.764e-03	6.860e-03	[[14933, 84], [97, 7]]	7	0.00	0.000e+00	12.83	2.994e-06	12.83	1.550e-03	104.53
exm1317675	pheno_279.7	1.531e-03	9.569e-03	[[27247, 77], [257, 7]]	7	9.72	1.967e-08	9.64	1.641e-05	9.64	2.168e-03	75.50
exm1318958	pheno_619.2	4.042e-02	7.000e-03	[[13323, 1127, 20], [77, 23, 2]]	2	0.00	0.000e+00	3.63	8.556e-08	3.63	1.455e-05	7540.25
exm1319461	pheno_958.1	1.640e-02	1.519e-03	[[27992, 921, 11], [34, 10, 0]]	0	7.43	1.978e-09	7.74	1.963e-06	7.74	5.279e-04	273.92
exm1320442	pheno_707.3	1.448e-03	6.417e-03	[[28075, 76, 1], [177, 4, 1]]	1	9.76	2.933e-08	12.08	1.797e-05	12.08	3.060e-03	55.64
exm1320442	pheno_686.5	1.448e-03	1.462e-03	[[24493, 64, 1], [34, 1, 1]]	1	21.20	4.777e-08	32.31	1.470e-04	32.31	2.131e-02	10.22
exm1321407	pheno_716	1.062e-03	5.072e-02	[[24205, 42], [1283, 12]]	12	6.91	1.152e-08	5.39	1.297e-05	5.39	8.720e-04	171.07
exm1321407	pheno_716.9	1.062e-03	4.878e-02	[[24205, 42], [1232, 11]]	11	6.65	6.885e-08	5.15	4.087e-05	5.15	1.512e-03	102.53
exm1321744	pheno_642.1	1.911e-03	6.860e-03	[[15067, 63], [99, 5]]	5	0.00	0.000e+00	12.08	9.975e-05	12.08	6.985e-03	26.66
exm1321744	pheno_575.1	1.911e-03	8.587e-03	[[27126, 99], [229, 7]]	7	8.54	6.733e-08	8.38	3.750e-05	8.38	2.646e-03	62.35
exm1322523	pheno_907	1.514e-03	5.257e-03	[[29244, 82], [150, 5]]	5	12.16	1.037e-07	11.89	9.832e-05	11.89	6.667e-03	27.62
exm1325186	pheno_617	1.148e-03	3.898e-03	[[14999, 29], [56, 3]]	3	0.00	0.000e+00	27.71	2.599e-04	27.71	2.401e-02	9.31
exm1325799	pheno_735.23	2.187e-03	2.044e-03	[[26259, 109], [50, 4]]	4	19.02	2.706e-08	19.27	8.505e-05	19.27	1.079e-02	18.40
exm1326815	pheno_259.8	4.307e-03	8.932e-04	[[25505, 223, 0], [20, 2, 1]]	0	20.70	1.150e-08	21.88	5.186e-05	21.88	1.004e-02	19.67
exm1326941	pheno_686.2	1.447e-03	1.584e-03	[[24516, 67], [36, 3]]	3	30.19	2.951e-08	30.49	1.869e-04	30.49	2.264e-02	9.76
exm1329699	pheno_642.1	2.566e-03	6.860e-03	[[15079, 78], [98, 6]]	6	0.00	0.000e+00	11.84	2.290e-05	11.84	3.444e-03	50.26
exm1329699	pheno_575.1	2.566e-03	8.587e-03	[[27137, 133], [227, 9]]	9	8.19	2.171e-09	8.09	4.017e-06	8.09	7.958e-04	186.86
exm1331598	pheno_642.1	2.324e-03	6.860e-03	[[15116, 73], [98, 7]]	7	0.00	0.000e+00	14.79	1.237e-06	14.79	1.329e-03	121.27
exm1331598	pheno_575.1	2.324e-03	8.587e-03	[[27216, 120], [229, 8]]	8	8.16	1.642e-08	7.92	1.560e-05	7.92	1.545e-03	101.38
exm1331598	pheno_571.6	2.324e-03	1.011e-02	[[23171, 109], [230, 8]]	8	7.03	1.712e-07	7.39	2.584e-05	7.39	1.822e-03	86.95
exm1331598	pheno_642	2.324e-03	1.209e-02	[[15116, 73], [179, 7]]	7	0.00	0.000e+00	8.10	5.110e-05	8.10	3.035e-03	55.22
exm1335385	pheno_457.3	1.312e-03	1.669e-02	[[22566, 53], [377, 7]]	7	9.10	1.312e-07	7.91	6.171e-05	7.91	3.283e-03	51.52
exm1336148	pheno_442.4	1.565e-03	9.554e-04	[[23979, 70, 1], [20, 3, 0]]	0	32.49	1.713e-08	46.54	5.252e-05	46.54	2.016e-02	10.81
exm1337306	pheno_367.2	3.315e-03	5.885e-03	[[27184, 177], [154, 8]]	8	7.85	2.980e-08	7.98	1.465e-05	7.98	1.505e-03	103.83
exm1338155	pheno_381.9	1.094e-03	4.240e-03	[[26012, 54], [107, 4]]	4	15.93	2.072e-07	18.01	1.089e-04	18.01	1.114e-02	17.85
exm1342408	pheno_818.2	1.548e-03	2.571e-03	[[28628, 81, 0], [70, 3, 1]]	0	19.31	5.360e-10	24.75	3.091e-06	24.75	3.756e-03	47.36
exm1344111	pheno_642.1	2.864e-03	6.860e-03	[[14933, 89], [97, 6]]	6	0.00	0.000e+00	10.38	4.586e-05	10.38	3.997e-03	43.62
exm1344848	pheno_360.3	2.271e-03	7.547e-04	[[26365, 111, 2], [18, 1, 1]]	1	22.59	1.412e-08	37.26	1.001e-04	37.26	2.102e-02	10.40
exm1344983	pheno_374.2	1.295e-03	1.089e-03	[[25626, 56, 1], [26, 1, 1]]	1	25.01	1.492e-08	50.07	4.210e-05	50.07	1.982e-02	10.97
exm1344983	pheno_574.11	1.295e-03	2.733e-03	[[27300, 63, 1], [72, 2, 1]]	1	15.16	3.763e-08	23.04	4.037e-05	23.04	9.426e-03	20.73
exm1348786	pheno_426.8	1.060e-03	2.439e-03	[[18364, 41], [42, 3]]	3	32.11	2.033e-08	31.99	1.674e-04	31.99	2.276e-02	9.75
exm1349767	pheno_681.6	1.060e-03	7.749e-03	[[24534, 49, 1], [187, 5, 0]]	0	11.54	1.079e-07	12.71	7.518e-05	12.71	6.438e-03	28.68
exm1351812	pheno_528.12	1.783e-03	1.052e-03	[[27428, 97], [26, 3]]	3	33.03	1.754e-08	32.63	1.582e-04	32.63	2.269e-02	9.79
exm1352854	pheno_723	2.156e-03	5.076e-03	[[24179, 99], [118, 6]]	6	12.85	3.307e-09	12.42	1.627e-05	12.42	3.075e-03	55.59
exm1353655	pheno_732	2.154e-03	1.696e-03	[[25205, 106], [39, 4]]	4	24.00	4.200e-09	24.39	3.633e-05	24.39	9.919e-03	20.01
exm1355822	pheno_446.6	2.989e-03	1.453e-03	[[23817, 133, 1], [31, 4, 0]]	0	18.66	1.677e-08	21.44	5.335e-05	21.44	9.792e-03	20.01
exm1356585	pheno_635.2	1.396e-03	2.866e-03	[[15269, 36], [41, 3]]	3	0.00	0.000e+00	31.03	1.869e-04	31.03	2.324e-02	9.58
exm1358300	pheno_259.8	2.726e-03	8.932e-04	[[25579, 137], [20, 3]]	3	28.62	8.431e-08	28.01	2.575e-04	28.01	2.432e-02	9.24
exm1358878	pheno_200.1	1.300e-03	7.286e-03	[[26822, 61], [192, 5]]	5	12.03	1.399e-07	11.45	1.207e-04	11.45	7.102e-03	26.14
exm1359820	pheno_722.9	1.329e-03	1.930e-03	[[24244, 58], [44, 3]]	3	30.10	3.051e-08	28.50	2.243e-04	28.50	2.286e-02	9.65
exm1361246	pheno_270	2.221e-03	2.072e-02	[[27535, 114], [572, 13]]	13	5.46	1.003e-08	5.49	2.503e-06	5.49	3.049e-04	444.24
exm1363895	pheno_300.12	1.985e-03	8.501e-03	[[20344, 65], [169, 6]]	6	11.20	3.301e-08	11.11	3.141e-05	11.11	3.649e-03	47.52
exm136404	pheno_642.1	2.566e-03	6.860e-03	[[15074, 80], [98, 6]]	6	0.00	0.000e+00	11.54	2.622e-05	11.54	3.540e-03	48.95
exm1365443	pheno_571.6	1.269e-03	1.011e-02	[[23102, 56], [232, 6]]	6	10.62	5.997e-08	10.67	3.974e-05	10.67	3.888e-03	44.85
exm1365801	pheno_198	2.900e-03	1.490e-01	[[20326, 98], [3432, 44]]	44	3.19	1.008e-09	2.66	5.148e-07	2.66	2.317e-05	4778.82
exm1365801	pheno_198.2	2.900e-03	5.604e-02	[[20326, 98], [1157, 20]]	20	4.22	1.621e-08	3.59	5.624e-06	3.59	2.184e-04	588.13
exm1369369	pheno_008	1.582e-03	2.377e-02	[[28199, 79], [676, 11]]	11	5.63	1.054e-07	5.81	9.389e-06	5.81	7.345e-04	198.06
exm137060	pheno_635.2	2.288e-03	2.866e-03	[[15238, 67], [40, 4]]	4	0.00	0.000e+00	22.74	4.962e-05	22.74	1.054e-02	18.99
exm1371830	pheno_528.6	2.893e-03	1.668e-03	[[27373, 152], [41, 5]]	5	20.88	3.238e-10	21.96	6.377e-06	21.96	4.510e-03	40.44
exm137286	pheno_642.1	2.446e-03	6.860e-03	[[15089, 78], [99, 6]]	6	0.00	0.000e+00	11.72	2.408e-05	11.72	3.480e-03	49.77
exm137286	pheno_575.1	2.446e-03	8.587e-03	[[27168, 127], [229, 8]]	8	7.68	3.913e-08	7.47	2.320e-05	7.47	1.733e-03	90.90
exm1375394	pheno_425.2	1.447e-03	1.513e-02	[[27073, 71], [408, 9]]	9	7.97	1.848e-08	8.41	3.424e-06	8.41	8.227e-04	182.91
exm1377617	pheno_379.4	1.480e-03	1.122e-03	[[25738, 71], [26, 3]]	3	40.12	3.111e-09	41.83	7.810e-05	41.83	2.169e-02	10.22
exm1378603	pheno_722.9	1.396e-03	1.930e-03	[[24243, 64], [44, 3]]	3	26.17	9.559e-08	25.83	2.959e-04	25.83	2.343e-02	9.43
exm1379627	pheno_856	4.223e-03	1.871e-03	[[24864, 202], [42, 5]]	5	15.31	1.283e-08	14.65	4.197e-05	14.65	5.984e-03	30.93
exm1380346	pheno_642.1	2.972e-03	6.860e-03	[[15056, 95], [98, 7]]	7	0.00	0.000e+00	11.32	6.460e-06	11.32	1.802e-03	90.42
exm1381302	pheno_259.8	2.423e-03	8.932e-04	[[25610, 115], [20, 3]]	3	32.34	3.007e-08	33.40	1.554e-04	33.40	2.329e-02	9.62
exm1381398	pheno_656.6	1.582e-03	2.205e-03	[[28868, 87], [59, 5]]	5	19.12	1.216e-06	28.12	1.887e-06	28.12	3.816e-03	47.16
exm1382985	pheno_286.11	1.767e-03	9.740e-04	[[22487, 75], [19, 3]]	3	52.64	5.997e-10	47.34	5.821e-05	47.34	2.211e-02	10.14
exm1383611	pheno_731	1.049e-03	1.381e-03	[[22146, 40], [29, 3]]	3	71.74	2.064e-11	57.27	3.220e-05	57.27	2.097e-02	10.58
exm1384093	pheno_303	1.853e-03	6.667e-03	[[20311, 66], [132, 5]]	5	13.15	8.096e-08	11.66	1.129e-04	11.66	7.040e-03	26.38
exm1385003	pheno_573.4	4.401e-03	3.847e-03	[[23059, 185], [83, 7]]	7	10.85	2.786e-09	10.51	9.610e-06	10.51	1.908e-03	85.26
exm1385023	pheno_352.1	6.561e-03	6.543e-03	[[25622, 336, 2], [158, 13, 0]]	0	5.96	6.356e-10	5.99	7.453e-07	5.99	1.717e-04	758.46
exm1386650	pheno_713	1.127e-03	4.466e-03	[[24239, 57], [105, 4]]	4	15.99	1.438e-07	16.20	1.615e-04	16.20	1.183e-02	16.87
exm1387293	pheno_427.41	4.490e-03	6.638e-03	[[16053, 131, 0], [107, 6, 1]]	0	8.27	2.209e-08	8.95	6.499e-06	8.95	1.194e-03	129.23
exm1391091	pheno_365.2	1.026e-03	5.147e-03	[[26429, 49], [133, 4]]	4	17.37	9.522e-08	16.22	1.618e-04	16.22	1.188e-02	16.82
exm1391541	pheno_270.32	2.877e-03	1.134e-02	[[27498, 146, 4], [307, 9, 1]]	1	5.28	3.103e-08	6.32	3.322e-06	6.32	4.487e-04	311.52
exm1393506	pheno_722.7	8.596e-03	2.708e-03	[[23895, 412, 0], [57, 9, 0]]	0	9.35	7.293e-10	8.56	2.443e-06	8.56	6.741e-04	218.25
exm1393719	pheno_278.3	5.249e-03	2.607e-03	[[24614, 252], [59, 6]]	6	10.56	5.846e-08	9.93	5.742e-05	9.93	4.212e-03	41.53
exm139495	pheno_592.11	2.474e-03	2.442e-03	[[21125, 104], [48, 4]]	4	17.59	7.630e-08	16.93	1.408e-04	16.93	1.173e-02	17.04
exm1395527	pheno_204.22	3.197e-03	3.950e-03	[[26806, 170], [101, 6]]	6	9.49	1.415e-07	9.37	7.262e-05	9.37	4.290e-03	40.52
exm1396150	pheno_571.6	2.164e-03	1.011e-02	[[23083, 98], [228, 8]]	8	8.17	2.035e-08	8.26	1.220e-05	8.26	1.474e-03	106.38
exm1398911	pheno_722.9	1.536e-03	1.930e-03	[[24153, 73], [44, 3]]	3	25.29	1.297e-07	22.56	4.332e-04	22.56	2.437e-02	9.08
exm1400418	pheno_642.1	2.158e-03	6.860e-03	[[15007, 69], [97, 5]]	5	0.00	0.000e+00	11.21	1.385e-04	11.21	7.463e-03	25.04
exm1401144	pheno_277.4	2.069e-03	1.295e-03	[[28417, 114, 0], [34, 2, 1]]	0	25.31	3.206e-09	28.55	1.779e-05	28.55	8.610e-03	22.57
exm1401208	pheno_531.5	2.574e-03	8.412e-04	[[28360, 145], [21, 3]]	3	27.75	9.592e-08	27.94	2.556e-04	27.94	2.412e-02	9.29
exm140205	pheno_385.5	1.329e-03	1.341e-03	[[25995, 70], [32, 3]]	3	35.06	8.426e-09	34.81	1.288e-04	34.81	2.208e-02	10.00
exm1402255	pheno_255.2	2.550e-02	1.353e-02	[[24335, 1224, 18], [315, 36, 2]]	2	2.39	1.256e-07	2.38	2.357e-06	2.38	3.427e-05	3156.96
exm1402498	pheno_571.6	1.011e-03	1.011e-02	[[23223, 42, 1], [232, 4, 1]]	1	9.49	1.010e-07	13.55	1.112e-05	13.55	3.020e-03	57.14
exm1402735	pheno_642.1	3.159e-03	6.860e-03	[[15049, 97], [98, 6]]	6	0.00	0.000e+00	9.50	7.285e-05	9.50	4.456e-03	39.35
exm1403544	pheno_348.7	2.894e-03	4.038e-03	[[22555, 130], [86, 6]]	6	11.55	1.528e-08	12.10	1.899e-05	12.10	3.201e-03	53.59
exm140413	pheno_642.1	1.878e-03	6.860e-03	[[15059, 55], [99, 5]]	5	0.00	0.000e+00	13.83	5.484e-05	13.83	6.268e-03	29.58
exm1405825	pheno_292.2	1.346e-03	1.452e-03	[[23990, 62, 1], [32, 3, 0]]	0	23.08	1.898e-07	33.61	1.316e-04	33.61	2.116e-02	10.29
exm1406843	pheno_259.8	2.086e-03	8.932e-04	[[25619, 108, 1], [20, 3, 0]]	0	27.16	2.569e-08	32.57	1.457e-04	32.57	2.147e-02	10.17
exm1407057	pheno_242.3	1.178e-03	2.165e-03	[[23445, 53], [48, 3]]	3	27.94	5.202e-08	27.65	2.446e-04	27.65	2.305e-02	9.58
exm1408233	pheno_642.1	2.685e-03	6.860e-03	[[14987, 82], [97, 6]]	6	0.00	0.000e+00	11.31	2.920e-05	11.31	3.622e-03	47.91
exm141164	pheno_794	1.129e-03	1.687e-03	[[29481, 64], [46, 3]]	3	31.65	1.533e-08	30.04	1.897e-04	30.04	2.233e-02	9.85
exm141720	pheno_259.8	1.268e-02	8.932e-04	[[22081, 550, 5], [16, 4, 1]]	1	12.84	6.760e-09	13.31	1.324e-05	13.31	3.264e-03	53.48
exm142026	pheno_565.1	1.060e-03	7.629e-03	[[25061, 44], [188, 5]]	5	15.40	1.099e-08	15.15	3.563e-05	15.15	5.779e-03	31.93
exm1420978	pheno_642.1	1.904e-03	6.860e-03	[[15115, 62], [100, 5]]	5	0.00	0.000e+00	12.19	9.581e-05	12.19	6.931e-03	26.86
exm1422072	pheno_728.71	1.901e-03	2.667e-03	[[23481, 76], [59, 4]]	4	19.69	2.642e-08	20.95	6.243e-05	20.95	1.037e-02	19.10
exm1424462	pheno_255.12	1.346e-03	1.707e-03	[[25646, 67], [41, 3]]	3	28.47	4.288e-08	28.01	2.350e-04	28.01	2.293e-02	9.62
exm1424465	pheno_305.2	8.731e-03	3.807e-03	[[20078, 332, 2], [71, 6, 1]]	1	7.17	1.780e-07	6.51	5.613e-05	6.51	2.244e-03	71.01
exm1425084	pheno_324	1.262e-03	3.389e-03	[[29041, 69], [95, 4]]	4	16.75	8.422e-08	17.72	1.129e-04	17.72	1.105e-02	17.92
exm1427168	pheno_370.2	1.280e-03	1.904e-03	[[25594, 63], [46, 3]]	3	31.07	2.339e-08	26.49	2.737e-04	26.49	2.319e-02	9.51
exm142936	pheno_735.23	7.788e-02	2.044e-03	[[22343, 3785, 162], [33, 15, 5]]	5	3.65	1.826e-08	3.64	5.174e-07	3.64	5.540e-05	2158.09
exm1430187	pheno_642.1	3.318e-03	6.860e-03	[[15015, 105], [98, 6]]	6	0.00	0.000e+00	8.76	1.114e-04	8.76	4.965e-03	35.53
exm143099	pheno_594.8	1.851e-03	1.533e-03	[[27254, 99, 0], [39, 2, 1]]	0	22.48	2.492e-09	27.58	2.024e-05	27.58	8.708e-03	22.32
exm1431151	pheno_731	1.139e-03	1.381e-03	[[22245, 47], [29, 3]]	3	50.82	3.967e-10	48.96	5.009e-05	48.96	2.126e-02	10.42
exm1433627	pheno_642.1	3.013e-03	6.860e-03	[[15035, 88, 1], [96, 6, 0]]	0	0.00	0.000e+00	10.15	4.716e-05	10.15	3.852e-03	44.84
exm1433627	pheno_571.6	3.013e-03	1.011e-02	[[23028, 137, 1], [229, 9, 0]]	0	5.92	2.412e-07	6.40	2.270e-05	6.40	1.328e-03	114.53
exm1435603	pheno_958.1	3.801e-03	1.519e-03	[[28582, 219, 0], [41, 1, 2]]	0	13.93	6.310e-09	15.78	2.544e-05	15.78	5.025e-03	35.89
exm1438053	pheno_751.11	1.110e-03	2.175e-03	[[15117, 24], [30, 3]]	3	0.00	0.000e+00	62.99	2.645e-05	62.99	2.171e-02	10.34
exm1439775	pheno_452.8	2.153e-03	8.834e-04	[[22524, 95], [17, 3]]	3	40.64	5.774e-09	41.84	8.500e-05	41.84	2.288e-02	9.85
exm1440766	pheno_733.6	1.060e-03	7.895e-04	[[25260, 53], [18, 2]]	2	53.21	1.848e-07	52.96	8.575e-04	52.96	5.693e-02	4.53
exm1443029	pheno_750.11	2.254e-03	7.884e-04	[[27760, 123], [19, 3]]	3	28.90	1.313e-07	35.64	1.300e-04	35.64	2.308e-02	9.72
exm144699	pheno_742.2	1.716e-03	1.017e-03	[[26437, 85], [24, 3]]	3	50.39	9.891e-10	38.88	9.716e-05	38.88	2.210e-02	10.06
exm1447825	pheno_704.2	1.851e-03	1.576e-03	[[27780, 100], [40, 4]]	4	28.98	6.835e-10	27.78	2.198e-05	27.78	9.368e-03	21.11
exm1449790	pheno_571.6	2.152e-03	1.011e-02	[[23037, 100], [226, 8]]	8	7.80	4.091e-08	8.15	1.334e-05	8.15	1.510e-03	103.97
exm1449790	pheno_642.1	2.152e-03	6.860e-03	[[15038, 65], [96, 5]]	5	0.00	0.000e+00	12.05	1.007e-04	12.05	6.991e-03	26.63
exm1452483	pheno_031	1.110e-03	1.720e-03	[[24908, 54], [40, 3]]	3	35.68	6.510e-09	34.59	1.299e-04	34.59	2.197e-02	10.04
exm145262	pheno_575.1	2.426e-03	8.587e-03	[[27203, 128], [228, 9]]	9	8.65	8.692e-10	8.39	3.040e-06	8.39	7.376e-04	200.98
exm145262	pheno_642.1	2.426e-03	6.860e-03	[[15105, 79], [98, 6]]	6	0.00	0.000e+00	11.71	2.426e-05	11.71	3.484e-03	49.71
exm145262	pheno_697	2.426e-03	1.112e-02	[[25094, 120], [273, 9]]	9	6.75	5.462e-08	6.89	1.404e-05	6.89	1.175e-03	129.24
exm1452870	pheno_334.2	1.281e-03	5.697e-03	[[22287, 47, 4], [123, 6, 0]]	0	10.99	1.638e-09	19.32	1.441e-06	19.32	2.059e-03	81.74
exm1454373	pheno_270.33	1.800e-03	1.481e-03	[[27551, 97], [38, 3]]	3	24.04	1.942e-07	22.42	4.410e-04	22.42	2.444e-02	9.06
exm1461849	pheno_523.32	4.155e-03	1.126e-03	[[27289, 219, 2], [27, 4, 0]]	0	15.56	7.831e-08	16.95	1.299e-04	16.95	1.114e-02	17.75
exm1464497	pheno_731	1.514e-03	1.381e-03	[[25242, 72], [32, 3]]	3	33.81	1.245e-08	32.87	1.521e-04	32.87	2.237e-02	9.88
exm1464849	pheno_731	2.039e-03	1.381e-03	[[22326, 82], [29, 3]]	3	33.63	1.704e-08	28.17	2.403e-04	28.17	2.346e-02	9.47
exm1466048	pheno_090	3.533e-03	1.181e-03	[[29389, 203, 1], [31, 4, 0]]	0	16.98	4.871e-08	17.44	1.149e-04	17.44	1.083e-02	18.18
exm1469571	pheno_642.1	3.309e-03	6.860e-03	[[15054, 100], [97, 7]]	7	0.00	0.000e+00	10.86	8.319e-06	10.86	1.902e-03	85.86
exm1476003	pheno_425.11	1.094e-03	3.195e-03	[[27085, 55], [83, 4]]	4	23.49	2.543e-09	23.73	3.870e-05	23.73	9.758e-03	20.22
exm1477513	pheno_642.1	2.652e-03	6.860e-03	[[15068, 83], [98, 7]]	7	0.00	0.000e+00	12.97	2.796e-06	12.97	1.529e-03	105.90
exm1477976	pheno_642.1	2.506e-03	6.860e-03	[[15047, 80], [98, 6]]	6	0.00	0.000e+00	11.52	2.648e-05	11.52	3.548e-03	48.85
exm1477976	pheno_575.1	2.506e-03	8.587e-03	[[27058, 130], [229, 8]]	8	7.49	5.681e-08	7.27	2.794e-05	7.27	1.833e-03	86.20
exm1479072	pheno_306.9	1.633e-03	1.174e-03	[[20340, 54], [21, 3]]	3	54.46	2.662e-10	53.81	4.005e-05	53.81	2.163e-02	10.33
exm1479072	pheno_306	1.633e-03	4.924e-03	[[20340, 54], [97, 4]]	4	16.95	1.148e-07	15.53	1.922e-04	15.53	1.228e-02	16.32
exm1479109	pheno_642.1	1.063e-03	6.860e-03	[[15142, 30], [101, 4]]	4	0.00	0.000e+00	19.99	8.337e-05	19.99	1.147e-02	17.62
exm1479366	pheno_272.11	8.062e-02	1.705e-01	[[13384, 2503, 111], [3191, 426, 24]]	24	0.71	2.859e-10	0.75	7.717e-09	0.75	1.204e-10	150112399.37
exm1479366	pheno_272.1	8.062e-02	3.248e-01	[[13384, 2503, 111], [7216, 1064, 60]]	60	0.79	1.849e-09	0.82	3.734e-08	0.82	2.479e-11	14762335.94
exm1479366	pheno_272	8.062e-02	3.256e-01	[[13384, 2503, 111], [7237, 1072, 60]]	60	0.80	3.476e-09	0.82	6.431e-08	0.82	9.674e-11	8583804.80
exm1479658	pheno_323.8	1.262e-03	1.543e-03	[[29033, 71], [42, 3]]	3	30.40	2.528e-08	29.21	2.064e-04	29.21	2.255e-02	9.76
exm1480010	pheno_306	1.514e-03	4.924e-03	[[20356, 53], [96, 5]]	5	19.38	1.005e-09	20.00	9.763e-06	20.00	4.721e-03	38.62
exm1480052	pheno_724.9	1.515e-03	1.274e-03	[[24225, 69], [28, 3]]	3	36.19	9.918e-09	37.62	1.053e-04	37.62	2.202e-02	10.06
exm1480685	pheno_724.9	1.060e-03	1.274e-03	[[24256, 49], [28, 3]]	3	51.17	5.252e-10	53.04	3.965e-05	53.04	2.100e-02	10.55
exm1483449	pheno_798.1	1.060e-03	3.149e-03	[[17376, 34], [52, 3]]	3	27.71	1.092e-07	29.48	2.128e-04	29.48	2.330e-02	9.54
exm1483634	pheno_642.1	1.980e-03	6.860e-03	[[15063, 60], [98, 5]]	5	0.00	0.000e+00	12.81	7.691e-05	12.81	6.648e-03	27.95
exm1483929	pheno_731	2.373e-03	1.381e-03	[[22015, 95], [27, 4]]	4	40.53	1.942e-11	34.33	1.078e-05	34.33	9.308e-03	21.49
exm1484439	pheno_580.4	1.818e-03	3.894e-03	[[22162, 76], [82, 5]]	5	18.63	8.169e-10	17.78	1.624e-05	17.78	4.959e-03	36.71
exm1487504	pheno_428.4	1.127e-03	3.261e-02	[[23357, 41, 0], [779, 9, 1]]	0	7.18	3.190e-08	8.01	7.588e-07	8.01	4.080e-04	355.74
exm1488379	pheno_008.6	7.150e-03	4.293e-03	[[27900, 394, 1], [112, 10, 0]]	0	6.33	2.503e-08	6.06	1.206e-05	6.06	8.359e-04	174.11
exm1488931	pheno_306.9	1.279e-03	1.174e-03	[[20362, 47], [21, 3]]	3	60.85	1.139e-10	61.89	2.691e-05	61.89	2.136e-02	10.47
exm1490365	pheno_697	2.160e-03	1.112e-02	[[25055, 106], [275, 9]]	9	7.60	8.929e-09	7.74	5.930e-06	7.74	9.112e-04	164.75
exm1490365	pheno_642.1	2.160e-03	6.860e-03	[[15090, 68], [100, 5]]	5	0.00	0.000e+00	11.10	1.451e-04	11.10	7.538e-03	24.80
exm1490419	pheno_703	1.903e-03	4.321e-03	[[27761, 96, 1], [116, 5, 0]]	0	11.77	6.512e-08	11.97	8.998e-05	11.97	6.356e-03	28.73
exm1491829	pheno_642.1	1.958e-03	6.860e-03	[[15096, 63], [99, 6]]	6	0.00	0.000e+00	14.52	7.742e-06	14.52	2.834e-03	60.64
exm1495873	pheno_642.1	1.610e-03	6.860e-03	[[15046, 46], [100, 5]]	5	0.00	0.000e+00	16.35	2.611e-05	16.35	5.602e-03	32.99
exm1496574	pheno_642.1	2.792e-03	6.860e-03	[[14952, 88, 0], [97, 7, 0]]	0	0.00	0.000e+00	11.87	4.314e-06	11.87	1.563e-03	102.77
exm1496574	pheno_697	2.792e-03	1.112e-02	[[24802, 135, 1], [272, 11, 0]]	0	6.81	1.031e-09	7.20	1.032e-06	7.20	3.114e-04	442.26
exm1496654	pheno_288.3	1.245e-03	5.349e-03	[[21710, 47], [113, 4]]	4	16.33	1.344e-07	16.35	1.600e-04	16.35	1.197e-02	16.73
exm1497753	pheno_772.6	1.043e-03	2.127e-03	[[26683, 55], [54, 3]]	3	26.96	6.614e-08	26.95	2.592e-04	26.95	2.300e-02	9.58
exm1498335	pheno_427.61	1.542e-01	3.681e-03	[[13160, 4805, 432], [32, 27, 9]]	9	2.73	4.703e-08	2.72	2.932e-07	2.72	1.746e-05	6289.04
exm1498550	pheno_352.1	1.090e-02	6.543e-03	[[25407, 547, 7], [155, 16, 0]]	0	4.42	8.204e-09	4.49	1.712e-06	4.49	1.468e-04	857.49
exm1499934	pheno_697	1.539e-03	1.112e-02	[[25039, 73], [273, 8]]	8	9.93	1.243e-09	10.05	3.255e-06	10.05	1.075e-03	144.25
exm1511238	pheno_337	3.601e-03	7.740e-03	[[22536, 143, 7], [168, 9, 0]]	0	5.62	5.036e-08	7.51	6.577e-06	7.51	8.836e-04	168.31
exm1511238	pheno_255.11	3.601e-03	2.056e-03	[[25543, 173, 8], [49, 3, 1]]	1	8.05	1.686e-07	13.43	5.337e-05	13.43	5.722e-03	31.72
exm1512613	pheno_751.1	1.043e-03	6.733e-03	[[27827, 56], [184, 5]]	5	29.83	6.230e-08	13.50	5.750e-05	13.50	6.132e-03	30.03
exm1513371	pheno_642.1	1.942e-03	6.860e-03	[[15096, 53], [98, 7]]	7	0.00	0.000e+00	20.35	1.712e-07	20.35	1.027e-03	156.44
exm1513371	pheno_642	1.942e-03	1.209e-02	[[15096, 53], [179, 7]]	7	0.00	0.000e+00	11.14	7.743e-06	11.14	1.962e-03	83.97
exm1513977	pheno_795	1.282e-02	9.120e-03	[[28497, 728, 3], [247, 21, 1]]	1	3.49	8.548e-09	3.51	7.188e-07	3.51	4.593e-05	2498.26
exm1513977	pheno_795.8	1.282e-02	8.649e-03	[[28497, 728, 3], [234, 20, 1]]	1	3.52	1.370e-08	3.55	1.060e-06	3.55	6.082e-05	1918.43
exm1515229	pheno_642.1	1.856e-03	6.860e-03	[[15104, 59], [99, 5]]	5	0.00	0.000e+00	12.93	7.380e-05	12.93	6.599e-03	28.15
exm1516632	pheno_642.1	2.668e-03	6.860e-03	[[15068, 85], [98, 7]]	7	0.00	0.000e+00	12.66	3.239e-06	12.66	1.571e-03	103.15
exm1517564	pheno_348.4	2.507e-03	1.979e-03	[[22577, 113, 1], [41, 4, 0]]	0	15.81	1.068e-07	18.31	9.575e-05	18.31	1.054e-02	18.65
exm1517715	pheno_580.1	1.598e-03	1.269e-02	[[22190, 66, 0], [279, 7, 0]]	0	8.98	6.405e-08	8.34	4.031e-05	8.34	2.775e-03	59.91
exm1517715	pheno_580.14	1.598e-03	4.072e-03	[[22190, 66, 0], [87, 4, 0]]	0	16.25	1.321e-07	15.13	1.978e-04	15.13	1.192e-02	16.65
exm1519673	pheno_530.6	2.254e-03	2.129e-03	[[19139, 80, 1], [37, 4, 0]]	0	19.18	1.727e-08	23.99	3.546e-05	23.99	9.406e-03	20.82
exm1519922	pheno_642.1	2.028e-03	6.860e-03	[[15080, 62], [100, 5]]	5	0.00	0.000e+00	12.16	9.684e-05	12.16	6.947e-03	26.80
exm1520234	pheno_303.4	1.464e-03	4.196e-03	[[20358, 52], [82, 4]]	4	21.59	1.301e-08	19.10	8.985e-05	19.10	1.099e-02	18.12
exm1520234	pheno_907	1.464e-03	5.257e-03	[[29246, 79], [150, 5]]	5	12.04	1.166e-07	12.34	8.321e-05	12.34	6.449e-03	28.51
exm1522677	pheno_722.7	1.836e-03	2.708e-03	[[24184, 91], [62, 4]]	4	16.97	8.360e-08	17.15	1.304e-04	17.15	1.142e-02	17.43
exm1526864	pheno_731	2.231e-03	1.381e-03	[[22289, 93], [29, 3]]	3	29.24	5.262e-08	24.79	3.451e-04	24.79	2.429e-02	9.17
exm1527494	pheno_334.1	1.174e-02	2.243e-03	[[22178, 508, 4], [43, 8, 0]]	0	7.36	7.613e-08	7.40	2.502e-05	7.40	1.784e-03	88.54
exm1532786	pheno_550.1	2.002e-03	2.128e-02	[[25850, 89, 0], [551, 13, 0]]	0	8.02	6.318e-11	6.78	2.791e-07	6.78	1.484e-04	888.21
exm1536916	pheno_454.11	1.194e-03	7.285e-03	[[22571, 48], [161, 5]]	5	15.05	2.038e-08	14.60	4.180e-05	14.60	5.910e-03	31.22
exm1538406	pheno_471	1.093e-03	5.083e-03	[[20897, 45], [103, 4]]	4	20.23	1.848e-08	18.03	1.121e-04	18.03	1.139e-02	17.54
exm1538486	pheno_189.12	1.346e-03	3.422e-03	[[28173, 74], [93, 4]]	4	17.34	8.325e-08	16.37	1.514e-04	16.37	1.155e-02	17.19
exm1538838	pheno_697	1.020e-03	1.112e-02	[[24948, 42, 2], [277, 7, 0]]	0	9.93	1.020e-08	13.55	2.147e-06	13.55	1.480e-03	109.72
exm1543637	pheno_200.1	1.181e-03	7.286e-03	[[26850, 58], [193, 5]]	5	12.38	1.060e-07	11.99	9.854e-05	11.99	6.823e-03	27.16
exm1545524	pheno_555.21	1.228e-03	7.288e-03	[[21198, 49], [151, 5]]	5	14.65	2.092e-08	14.32	4.574e-05	14.32	6.010e-03	30.74
exm1546174	pheno_573.5	1.718e-03	1.704e-02	[[23196, 76, 1], [394, 9, 0]]	0	6.40	1.233e-07	6.73	1.802e-05	6.73	1.319e-03	116.48
exm1548723	pheno_751.1	1.800e-03	6.733e-03	[[27791, 92], [182, 7]]	7	11.27	1.981e-07	11.62	4.953e-06	11.62	1.612e-03	99.78
exm1549680	pheno_377.1	7.961e-03	4.436e-03	[[25411, 387, 1], [105, 10, 0]]	0	6.08	4.811e-08	5.98	1.366e-05	5.98	8.793e-04	166.09
exm1550114	pheno_912	1.218e-02	4.171e-03	[[27968, 683, 2], [107, 13, 0]]	0	4.88	6.169e-08	4.72	9.323e-06	4.72	4.579e-04	298.05
exm1551006	pheno_733.6	2.860e-03	7.895e-04	[[25176, 136], [17, 3]]	3	33.83	2.708e-08	32.67	1.721e-04	32.67	2.398e-02	9.42
exm1551354	pheno_323.8	1.380e-03	1.543e-03	[[29028, 77], [42, 3]]	3	25.97	1.043e-07	26.93	2.599e-04	26.93	2.301e-02	9.58
exm1552432	pheno_531.3	2.793e-03	5.616e-03	[[28350, 155], [154, 7]]	7	8.33	9.257e-08	8.31	3.803e-05	8.31	2.614e-03	62.89
exm1552519	pheno_550.6	2.624e-03	1.646e-02	[[25821, 118], [423, 11]]	11	5.29	1.982e-07	5.69	9.866e-06	5.69	7.012e-04	205.27
exm1552621	pheno_574.2	4.855e-02	6.463e-03	[[24813, 2484, 65], [141, 33, 4]]	4	2.61	9.417e-09	2.59	3.016e-07	2.59	1.093e-05	9489.73
exm155319	pheno_642.1	1.806e-03	6.860e-03	[[15107, 62], [99, 5]]	5	0.00	0.000e+00	12.31	9.181e-05	12.31	6.873e-03	27.08
exm1557785	pheno_733.6	1.110e-03	7.895e-04	[[25262, 52], [18, 2]]	2	53.44	1.677e-07	53.98	8.267e-04	53.98	5.685e-02	4.54
exm1559565	pheno_958.1	1.413e-03	1.519e-03	[[28841, 78], [41, 3]]	3	27.35	5.711e-08	27.06	2.569e-04	27.06	2.301e-02	9.58
exm1560247	pheno_571.6	1.950e-03	1.011e-02	[[23031, 91], [229, 8]]	8	8.43	1.375e-08	8.84	7.721e-06	8.84	1.309e-03	119.14
exm1560906	pheno_642.1	2.451e-03	6.860e-03	[[15058, 80], [99, 6]]	6	0.00	0.000e+00	11.41	2.784e-05	11.41	3.586e-03	48.37
exm1560906	pheno_575.1	2.451e-03	8.587e-03	[[27099, 126], [229, 8]]	8	7.72	3.654e-08	7.51	2.239e-05	7.51	1.715e-03	91.80
exm1560906	pheno_575	2.451e-03	2.400e-02	[[27099, 126], [654, 14]]	14	4.66	6.321e-08	4.60	7.243e-06	4.60	3.967e-04	342.30
exm1560906	pheno_697	2.451e-03	1.112e-02	[[24994, 121], [272, 9]]	9	6.69	6.317e-08	6.83	1.498e-05	6.83	1.199e-03	126.76
exm1561696	pheno_642.1	2.674e-03	6.860e-03	[[15038, 87], [98, 7]]	7	0.00	0.000e+00	12.35	3.787e-06	12.35	1.619e-03	100.22
exm1562499	pheno_305.21	2.625e-03	1.126e-03	[[20308, 103], [20, 3]]	3	32.36	7.087e-08	29.57	2.228e-04	29.57	2.412e-02	9.32
exm1564963	pheno_642.1	2.956e-03	6.860e-03	[[15057, 87], [98, 7]]	7	0.00	0.000e+00	12.36	3.757e-06	12.36	1.616e-03	100.39
exm1565191	pheno_571.6	1.148e-03	1.011e-02	[[23177, 52], [231, 6]]	6	11.37	2.735e-08	11.58	2.600e-05	11.58	3.566e-03	48.73
exm1567935	pheno_041.4	4.156e-03	2.336e-02	[[24760, 201], [577, 20]]	20	4.10	3.584e-09	4.27	2.846e-07	4.27	4.626e-05	2547.80
exm1570372	pheno_575.1	2.010e-03	8.587e-03	[[27146, 105], [229, 7]]	7	8.13	1.259e-07	7.90	5.305e-05	7.90	2.912e-03	56.94
exm1570830	pheno_272.9	1.147e-03	1.235e-03	[[18495, 41], [21, 2]]	2	55.39	1.935e-07	42.96	1.286e-03	42.96	5.810e-02	4.45
exm1572935	pheno_965.1	4.105e-03	1.780e-03	[[24479, 195, 1], [39, 5, 0]]	0	15.00	7.187e-09	15.03	3.224e-05	15.03	5.264e-03	34.38
exm1573539	pheno_642.1	2.348e-03	6.860e-03	[[15077, 74], [98, 6]]	6	0.00	0.000e+00	12.47	1.734e-05	12.47	3.263e-03	52.93
exm1574360	pheno_642.1	2.312e-03	6.860e-03	[[15087, 73], [99, 6]]	6	0.00	0.000e+00	12.53	1.698e-05	12.53	3.251e-03	53.13
exm1574360	pheno_571.6	2.312e-03	1.011e-02	[[23124, 111], [229, 8]]	8	6.87	2.382e-07	7.28	2.874e-05	7.28	1.880e-03	84.38
exm1575038	pheno_726.2	1.705e-03	1.272e-03	[[23400, 82], [27, 3]]	3	36.13	8.508e-09	31.71	1.725e-04	31.71	2.289e-02	9.71
exm1575257	pheno_627.5	1.901e-03	6.640e-03	[[11044, 27], [70, 4]]	4	0.00	0.000e+00	23.37	4.919e-05	23.37	1.108e-02	18.31
exm1577409	pheno_571.6	2.253e-03	1.011e-02	[[23044, 105], [229, 8]]	8	7.29	1.055e-07	7.67	2.027e-05	7.67	1.698e-03	92.96
exm1578615	pheno_571.6	1.232e-03	1.011e-02	[[23160, 57], [232, 6]]	6	10.38	7.767e-08	10.51	4.295e-05	10.51	3.950e-03	44.16
exm1580664	pheno_974	4.438e-03	3.875e-03	[[24389, 213, 0], [90, 5, 1]]	0	9.02	1.903e-08	8.70	2.689e-05	8.70	2.297e-03	70.70
exm1581271	pheno_300.3	4.088e-03	3.223e-03	[[20258, 154], [60, 6]]	6	13.99	2.283e-09	13.15	1.278e-05	13.15	3.050e-03	56.40