SNP	pheno	maf	PheWAS_MAF_W	prev	table	minN	jd_string	PheWAS_OR	PheWAS_P	logit_OR	logit_p-val	fisher_OR	fisher_pval	exact_OR	exact_p-val	pval_norm	bayes factor
exm1001583	pheno_528.12	5.955e-03	0.005954	1.052e-03	[[27206, 317, 1], [25, 3, 1]]	5.0	Oral aphthae	16.39	5.619e-09	14.57	1.276e-08	16.19	2.418e-05	16.19	5.637e-06	5.334e-09	35.13
exm1002571	pheno_747.2	2.704e-03	0.002703	3.517e-03	[[27790, 141], [92, 6]]	6	Congenital anomalies of peripheral vascular system	12.5	5.71e-09	12.26	7.511e-09	12.85	1.329e-05	12.85	3.560e-06	3.977e-09	58.13
exm1004207	pheno_603.2	1.565e-03	0.001565	2.692e-03	[[9602, 31], [23, 3]]	3	Spermatocele	41.77	7.917e-09	0.00	0.000e+00	40.40	9.804e-05	40.40	1.462e-05	1.195e-08	9.63
exm1008143	pheno_686.9	1.598e-03	0.001598	1.483e-02	[[24515, 69], [362, 8]]	8	Other/Unspecified specified local infections of skin and subcutaneous tissue	8.06	3.42e-08	7.88	4.467e-08	7.85	1.870e-05	7.85	6.701e-06	5.187e-08	91.87
exm1009556	pheno_446.8	1.296e-03	0.001295	1.619e-03	[[23981, 61, 1], [36, 3, 0]]	3.0	Thrombotic microangiopathy	24.05	1.054e-07	22.65	1.236e-07	30.49	1.737e-04	30.49	2.888e-05	2.930e-08	10.08
exm1018460	pheno_306.1	1.077e-03	0.001076	2.638e-03	[[10188, 15, 3], [24, 3, 0]]	3.0	Mental disorders durring/after pregnancy	24.71	1.344e-08	0.00	0.000e+00	57.12	3.379e-05	57.12	4.341e-06	3.190e-10	10.40
exm1018502	pheno_555.21	1.263e-03	0.001263	7.288e-03	[[21177, 43, 2], [151, 4, 1]]	6.0	Ulcerative colitis (chronic)	10.25	3.314e-08	10.16	3.062e-08	17.69	2.476e-06	17.69	5.919e-07	7.423e-11	73.93
exm1019383	pheno_281.11	6.662e-03	0.00666	1.054e-02	[[18815, 238, 1], [191, 12, 0]]	12.0	Pernicious anemia	5.82	1.951e-08	5.55	2.903e-08	4.81	1.741e-05	4.81	7.803e-06	1.671e-07	203.28
exm1019383	pheno_281.1	6.662e-03	0.00666	1.935e-02	[[18815, 238, 1], [359, 17, 0]]	17.0	Megaloblastic anemia	4.18	6.977e-08	4.10	6.607e-08	3.65	1.286e-05	3.65	6.709e-06	2.910e-07	381.40
exm1020021	pheno_722.9	1.397e-03	0.001396	1.930e-03	[[24235, 65], [44, 3]]	3	Other and unspecified disc disorder	26.4	9.782e-08	27.48	6.362e-08	25.42	3.094e-04	25.42	5.630e-05	2.027e-07	9.39
exm1021377	pheno_362.6	1.649e-03	0.001648	2.223e-03	[[26393, 86], [55, 4]]	4	Peripheral retinal degenerations	22.53	5.627e-09	22.72	3.954e-09	22.32	4.881e-05	22.32	9.713e-06	7.471e-09	19.71
exm10227	pheno_686.2	7.419e-03	0.007417	1.584e-03	[[24227, 357, 1], [33, 6, 0]]	6.0	Impetigo	11.17	3.718e-08	11.00	4.114e-08	11.33	2.607e-05	11.33	7.332e-06	1.967e-08	51.04
exm1023206	pheno_420.21	6.982e-03	0.00698	2.535e-03	[[26784, 358, 1], [62, 7, 0]]	7.0	Acute pericarditis	8.19	9.908e-08	8.24	9.211e-08	8.00	4.553e-05	8.00	1.534e-05	1.349e-07	61.09
exm1023746	pheno_726.2	1.447e-03	0.001446	1.272e-03	[[23487, 70], [27, 3]]	3	Synoviopathy	32.95	2.169e-08	34.25	1.372e-08	37.28	1.087e-04	37.28	1.636e-05	1.032e-08	10.02
exm1024736	pheno_245.1	1.430e-03	0.001429	1.148e-03	[[23432, 67, 2], [24, 3, 0]]	3.0	Thyroiditis, acute and subacute	23.99	2.155e-08	22.07	5.062e-08	38.88	8.741e-05	38.88	1.285e-05	3.421e-09	10.54
exm1025139	pheno_913	1.019e-03	0.001018	1.533e-03	[[25452, 50], [38, 3]]	3	Toxic effect of venom	43.33	1.297e-09	40.58	2.029e-09	40.19	8.504e-05	40.19	1.243e-05	4.174e-09	10.29
exm1025643	pheno_010	1.194e-03	0.001194	1.799e-03	[[24903, 59], [42, 3]]	3	Tuberculosis	31.83	2.265e-08	31.11	2.262e-08	30.15	1.912e-04	30.15	3.206e-05	4.925e-08	9.78
exm1029246	pheno_642.1	4.125e-03	0.004124	6.860e-03	[[14850, 122], [95, 7]]	7	Preeclampsia and eclampsia	10.96	7.7e-09	0.00	0.000e+00	8.97	2.686e-05	8.97	8.719e-06	5.729e-08	65.77
exm1029246	pheno_575	4.125e-03	0.004124	2.400e-02	[[26683, 212], [644, 19]]	19	Other biliary tract disease	3.67	8.761e-08	3.72	6.208e-08	3.71	3.676e-06	3.71	1.921e-06	5.530e-08	773.38
exm1029246	pheno_697	4.125e-03	0.004124	1.112e-02	[[24604, 207], [271, 12]]	12	Sarcoidosis	5.03	1.105e-07	5.24	4.819e-08	5.26	7.915e-06	5.26	3.406e-06	4.279e-08	266.07
exm1029569	pheno_090	5.570e-03	0.005568	1.181e-03	[[29262, 323, 1], [30, 5, 0]]	5.0	Sexually transmitted infections (not HIV or hepatitis)	14.29	2.379e-08	14.19	2.634e-08	13.93	4.681e-05	13.93	1.175e-05	2.651e-08	31.95
exm1030337	pheno_755.1	1.046e-03	0.001046	2.107e-03	[[29209, 58], [59, 3]]	3	Congenital deformities of feet	31.06	9.669e-08	33.26	7.592e-08	25.61	2.967e-04	25.61	5.392e-05	1.679e-07	9.50
exm1030816	pheno_270.1	1.346e-03	0.001346	2.057e-03	[[27582, 62, 0], [50, 4, 3]]	10.0	Disturbances of amino-acid transport	39.07	8.511e-17	34.70	1.564e-15	85.65	7.556e-11	85.65	4.984e-17	7.513e-36	3796.10
exm1030816	pheno_270	1.346e-03	0.001346	2.072e-02	[[27582, 62, 0], [574, 8, 3]]	14.0	Disorders of protein plasma/amino-acid transport and metabolism	8.72	2.153e-13	8.50	5.461e-13	10.79	5.296e-10	10.79	1.719e-10	1.329e-15	4951.14
exm1030816	pheno_270.2	1.346e-03	0.001346	1.697e-03	[[27582, 62, 0], [44, 1, 2]]	5.0	Disorders of amino-acid metabolism	25.66	2.368e-10	23.82	1.209e-09	50.04	1.123e-07	50.04	1.549e-08	5.091e-16	59.65
exm1030816	pheno_306	1.346e-03	0.001346	4.924e-03	[[20355, 55, 0], [98, 1, 2]]	5.0	Other mental disorder	11.48	1.071e-07	10.35	4.687e-07	18.81	1.207e-05	18.81	2.718e-06	8.554e-10	38.79
exm1033106	pheno_586.3	1.043e-03	0.001043	1.525e-03	[[22211, 46, 0], [32, 1, 1]]	3.0	Vascular disorders of kidney/hypertrophy	31.08	8.35e-08	32.77	1.503e-08	44.62	5.946e-05	44.62	8.267e-06	1.007e-09	10.73
exm1034738	pheno_642.1	1.942e-03	0.001941	6.860e-03	[[15093, 57], [99, 5]]	5	Preeclampsia and eclampsia	15.78	1.796e-08	0.00	0.000e+00	13.37	6.357e-05	13.37	1.690e-05	7.452e-08	28.87
exm1036574	pheno_697	2.210e-03	0.002209	1.112e-02	[[25066, 106, 2], [274, 7, 1]]	9.0	Sarcoidosis	5.97	8.86e-08	6.04	6.792e-08	7.41	7.750e-06	7.41	2.826e-06	1.145e-08	156.77
exm1037875	pheno_731	2.067e-03	0.002067	1.381e-03	[[22022, 84], [29, 3]]	3	Osteitis deformans and osteopathies associated with other disorders classified elsewhere	36.11	1.066e-08	33.14	1.925e-08	27.12	2.678e-04	27.12	4.696e-05	1.507e-07	9.38
exm1038928	pheno_592.2	1.817e-02	0.01816	1.504e-03	[[20514, 718, 8], [25, 6, 1]]	8.0	Urethritis and urethral syndrome	7.95	4.625e-08	7.92	3.896e-08	8.12	1.543e-05	8.12	5.176e-06	3.793e-08	94.90
exm1040858	pheno_433.11	1.161e-03	0.00116	5.530e-03	[[24590, 48, 0], [133, 3, 1]]	5.0	Occlusion of cerebral arteries, with cerebral infarction	16.9	3.826e-08	16.80	4.470e-08	19.06	1.151e-05	19.06	2.592e-06	7.939e-10	38.76
exm1042558	pheno_526.5	7.573e-03	0.007571	1.669e-03	[[27099, 397, 3], [40, 6, 0]]	6.0	Inflammatory conditions of jaw	9.66	8.595e-08	9.07	1.405e-07	9.45	6.721e-05	9.45	2.065e-05	1.670e-07	41.72
exm1044077	pheno_221	1.920e-03	0.001919	2.372e-03	[[12136, 47], [26, 3]]	3	Benign neoplasm of other female genital organs	32.22	3.755e-08	0.00	0.000e+00	29.79	2.189e-04	29.79	3.726e-05	1.023e-07	9.33
exm1044519	pheno_323.8	9.766e-03	0.009763	1.543e-03	[[28523, 558, 3], [38, 7, 0]]	7.0	Encephalitis, non-infectious	8.73	5.572e-08	8.60	6.813e-08	8.61	3.100e-05	8.61	1.004e-05	6.571e-08	65.91
exm1045523	pheno_420	1.228e-03	0.001228	2.106e-02	[[27087, 58], [575, 9]]	9	Carditis	7.15	5.143e-08	7.20	4.546e-08	7.31	1.106e-05	7.31	4.200e-06	3.590e-08	127.46
exm1045591	pheno_626.14	1.665e-03	0.001665	2.702e-03	[[11039, 31], [27, 3]]	3	Irregular menstrual bleeding	41.87	5.462e-09	0.00	0.000e+00	39.57	1.008e-04	39.57	1.517e-05	1.151e-08	9.73
exm1047380	pheno_295.1	2.618e-03	0.002617	3.904e-03	[[20233, 104], [75, 5]]	5	Schizophrenia	12.53	9.767e-08	12.06	1.510e-07	12.97	6.914e-05	12.97	1.829e-05	8.065e-08	29.06
exm1048192	pheno_362.29	1.093e-03	0.001093	9.834e-03	[[26428, 54], [257, 6]]	6	Macular degeneration (senile) of retina NOS	17.79	2.331e-09	13.10	3.154e-08	11.43	2.741e-05	11.43	8.050e-06	2.733e-08	48.56
exm1050291	pheno_624	1.564e-03	0.001564	5.804e-03	[[13834, 42], [77, 4]]	4	Symptoms involving female genital tract	17.45	9.963e-08	0.00	0.000e+00	17.11	1.427e-04	17.11	3.323e-05	1.673e-07	16.68
exm1052799	pheno_802	1.046e-03	0.001046	8.456e-03	[[22307, 43], [197, 4]]	4	Fracture of pelvis	18.51	8.998e-08	17.47	1.293e-07	10.53	8.095e-04	10.53	2.387e-04	1.057e-05	12.46
exm1052962	pheno_870.6	4.224e-03	0.004222	8.769e-04	[[25989, 210, 0], [20, 2, 1]]	4.0	Open wound of neck	20.35	2.129e-08	20.52	1.443e-08	23.67	3.846e-05	23.67	7.324e-06	3.626e-09	20.36
exm1053243	pheno_731	1.761e-03	0.001761	1.381e-03	[[22037, 72], [29, 3]]	3	Osteitis deformans and osteopathies associated with other disorders classified elsewhere	39.59	4.889e-09	36.48	8.371e-09	31.66	1.725e-04	31.66	2.812e-05	4.128e-08	9.72
exm1053243	pheno_394.2	1.761e-03	0.001761	5.848e-03	[[21684, 71], [131, 5]]	5	Mitral valve disease	13.55	4.214e-08	13.17	5.371e-08	11.66	1.115e-04	11.66	3.142e-05	2.507e-07	26.56
exm1054490	pheno_642.1	2.418e-03	0.002417	6.860e-03	[[15062, 72], [100, 5]]	5	Preeclampsia and eclampsia	13.0	1.225e-07	0.00	0.000e+00	10.46	1.881e-04	10.46	5.588e-05	9.011e-07	23.51
exm1054959	pheno_333.8	2.002e-03	0.002001	1.408e-03	[[22597, 94], [29, 3]]	3	Other degenerative diseases of the basal ganglia	27.09	1.403e-07	27.65	9.659e-08	24.87	3.419e-04	24.87	6.245e-05	3.032e-07	9.18
exm1055697	pheno_626.11	1.093e-03	0.001093	1.442e-02	[[11050, 21], [157, 5]]	5	Absent or infrequent menstruation	15.16	1.011e-07	0.00	0.000e+00	16.76	3.019e-05	16.76	7.757e-06	2.556e-08	29.02
exm1056970	pheno_597.8	2.675e-03	0.002674	6.178e-03	[[26410, 133], [158, 7]]	7	Urethral hypermobility/ISD	9.79	1.461e-08	9.33	2.462e-08	8.80	2.727e-05	8.80	8.914e-06	4.928e-08	68.20
exm1057912	pheno_715.2	1.093e-03	0.001093	2.300e-03	[[24254, 42], [53, 3]]	3	Ankylosing spondylitis	38.39	5.743e-09	38.27	4.063e-09	32.69	1.526e-04	32.69	2.486e-05	2.529e-08	9.92
exm1058296	pheno_876	6.393e-03	0.006391	1.980e-03	[[25877, 321, 5], [47, 4, 1]]	6.0	Posttraumatic wound infection not elsewhere classified	8.3	1.224e-07	8.15	1.485e-07	9.63	5.979e-05	9.63	1.822e-05	1.239e-07	43.18
exm1059236	pheno_292.2	1.161e-03	0.00116	1.452e-03	[[24003, 60], [32, 3]]	3	Mild cognitive impairment	51.25	7.941e-10	43.77	1.978e-09	37.50	1.050e-04	37.50	1.580e-05	8.575e-09	10.11
exm1060234	pheno_530.6	1.379e-03	0.001379	2.129e-03	[[19171, 49], [38, 3]]	3	Diverticulum of esophagus, acquired	36.76	3.457e-08	34.31	2.727e-08	30.89	1.840e-04	30.89	3.068e-05	4.870e-08	9.70
exm1062820	pheno_526.3	3.484e-03	0.003483	1.343e-03	[[27308, 186], [33, 4]]	4	Anomalies of jaw size/symmetry	18.07	1.147e-07	17.33	1.738e-07	17.80	1.215e-04	17.80	2.669e-05	1.077e-07	17.14
exm106534	pheno_743.21	1.043e-03	0.001043	7.582e-03	[[22988, 44], [171, 5]]	5	Pathologic fracture of vertebrae	15.89	3.237e-08	15.63	2.785e-08	15.28	3.449e-05	15.28	8.703e-06	1.670e-08	32.02
exm1065517	pheno_292.1	7.503e-03	0.007517	2.135e-02	[[23711, 350, 2], [502, 22, 1]]	24.0	Aphasia/speech disturbance	3.07	1.397e-07	3.11	9.841e-08	3.16	2.731e-06	3.16	1.538e-06	5.758e-08	1346.95
exm106603	pheno_282.9	1.564e-03	0.001564	4.232e-03	[[19000, 57], [76, 5]]	5	Other hereditary hemolytic anemias	23.45	6.558e-10	22.69	1.241e-09	21.93	6.420e-06	21.93	1.338e-06	2.029e-10	40.48
exm106603	pheno_283.2	1.564e-03	0.001564	3.347e-03	[[19000, 57], [60, 4]]	4	Non-autoimmune hemolytic anemias	23.38	5.008e-09	23.01	5.217e-09	22.22	5.161e-05	22.22	1.043e-05	9.886e-09	19.28
exm106603	pheno_282	1.564e-03	0.001564	5.635e-03	[[19000, 57], [103, 5]]	5	Hereditary hemolytic anemias	17.02	1.19e-08	16.58	1.852e-08	16.18	2.595e-05	16.18	6.282e-06	7.665e-09	33.79
exm1066104	pheno_370.1	1.792e-03	0.001792	2.718e-03	[[22687, 74], [63, 4]]	4	Corneal ulcer	20.26	1.675e-08	20.22	1.456e-08	19.47	8.209e-05	19.47	1.755e-05	3.201e-08	18.47
exm1066585	pheno_735.22	1.615e-03	0.001614	9.093e-04	[[26286, 82, 1], [21, 3, 0]]	3.0	Claw toe (acquired)	32.83	8.095e-09	32.88	5.401e-09	41.79	7.088e-05	41.79	1.002e-05	1.704e-09	10.68
exm1068060	pheno_710	2.693e-03	0.002692	2.359e-02	[[24158, 128, 1], [571, 16, 0]]	16.0	Osteomyelitis, periostitis, and other infections involving bone	4.93	1.993e-09	4.94	1.783e-09	5.15	4.131e-07	5.15	1.863e-07	7.440e-10	1331.82
exm1068060	pheno_710.1	2.693e-03	0.002692	2.265e-02	[[24158, 128, 1], [548, 15, 0]]	15.0	Osteomyelitis	4.8	9.585e-09	4.82	8.530e-09	5.03	1.192e-06	5.03	5.409e-07	3.675e-09	789.78
exm1068136	pheno_816	1.430e-03	0.001429	1.252e-03	[[28631, 77, 1], [33, 3, 0]]	3.0	Cerebral laceration and contusion	24.42	6.327e-08	25.17	3.412e-08	31.56	1.554e-04	31.56	2.525e-05	1.965e-08	10.22
exm1068322	pheno_255.3	1.496e-02	0.01495	1.165e-03	[[24966, 754, 6], [22, 8, 0]]	8.0	Adrenogenital disorders	10.96	9.587e-10	10.36	2.669e-09	10.18	3.220e-06	10.18	9.664e-07	1.381e-09	139.05
exm1069490	pheno_286.12	1.026e-03	0.001026	1.504e-03	[[22509, 49], [31, 3]]	3	Congenital deficiency of other clotting factors (including factor VII)	48.98	5.778e-10	47.38	6.386e-10	44.45	6.544e-05	44.45	9.112e-06	2.037e-09	10.33
exm1070202	pheno_187.2	1.161e-03	0.00116	4.895e-03	[[11774, 18], [55, 3]]	3	Malignant neoplasm of testis	35.26	3.118e-08	0.00	0.000e+00	35.68	1.390e-04	35.68	2.283e-05	3.360e-08	9.44
exm1073244	pheno_599.8	4.609e-03	0.004608	1.816e-03	[[21779, 203, 0], [36, 3, 1]]	5.0	Other symptoms involving urinary system	13.15	3.977e-08	13.65	2.311e-08	14.37	4.036e-05	14.37	1.002e-05	1.793e-08	32.85
exm1073661	pheno_149.3	4.475e-03	0.004473	1.533e-03	[[27757, 244], [38, 5]]	5	Cancer of hypopharynx	14.71	2.607e-08	15.39	1.467e-08	14.97	3.874e-05	14.97	9.418e-06	2.380e-08	31.11
exm107506	pheno_259.8	4.979e-03	0.004978	8.932e-04	[[25473, 249, 6], [19, 4, 0]]	4.0	Polyglandular activity in multiple endocrine adenomatosis	12.87	8.258e-08	12.77	8.658e-08	18.68	9.433e-05	18.68	2.016e-05	4.528e-08	18.23
exm1077952	pheno_800.2	1.363e-03	0.001363	8.920e-03	[[25374, 63, 0], [224, 4, 1]]	6.0	Fracture of unspecified part of femur	9.34	1.238e-07	9.22	1.655e-07	10.71	3.640e-05	10.71	1.095e-05	4.582e-08	46.96
exm1078163	pheno_375	1.026e-03	0.001026	3.821e-03	[[25757, 53], [95, 4]]	4	Disorders of lacrimal system	20.3	1.373e-08	20.17	1.359e-08	20.46	6.782e-05	20.46	1.430e-05	1.881e-08	18.94
exm1079829	pheno_474.1	1.178e-03	0.001177	1.478e-03	[[20890, 52], [28, 3]]	3	Acute tonsillitis	43.89	4.229e-09	42.64	7.227e-09	43.04	7.282e-05	43.04	1.029e-05	3.052e-09	10.21
exm1081043	pheno_575.1	2.127e-03	0.002126	8.587e-03	[[27165, 109], [229, 8]]	8	Cholangitis	8.96	4.589e-09	8.78	5.664e-09	8.71	8.200e-06	8.71	2.739e-06	7.415e-09	119.70
exm1081043	pheno_571.6	2.127e-03	0.002126	1.011e-02	[[23127, 101], [229, 8]]	8	Primary biliary cirrhosis	8.09	2.444e-08	7.70	4.811e-08	8.00	1.521e-05	8.00	5.309e-06	2.936e-08	100.43
exm1081369	pheno_571.6	1.247e-03	0.001247	1.011e-02	[[23206, 53], [232, 6]]	6	Primary biliary cirrhosis	11.43	2.793e-08	10.76	5.413e-08	11.32	2.917e-05	11.32	8.614e-06	3.247e-08	47.67
exm1081492	pheno_451.2	3.666e-02	0.03666	9.459e-03	[[21030, 1561, 28], [181, 32, 3]]	38.0	Phlebitis and thrombophlebitis of lower extremities	2.63	2.257e-08	2.63	2.231e-08	2.60	6.987e-07	2.60	3.613e-07	1.897e-08	5833.34
exm1081887	pheno_523.3	2.586e-02	0.02586	3.369e-03	[[26104, 1387, 2], [76, 17, 0]]	17.0	Periodontitis (acute or chronic)	4.19	9.828e-08	4.15	1.097e-07	3.88	6.613e-06	3.88	3.275e-06	1.039e-07	501.16
exm1084167	pheno_149.3	2.507e-03	0.002506	1.533e-03	[[27865, 135], [39, 4]]	4	Cancer of hypopharynx	25.43	2.022e-09	26.40	1.290e-09	21.17	6.139e-05	21.17	1.243e-05	1.570e-08	18.95
exm1084167	pheno_592.13	2.507e-03	0.002506	3.098e-03	[[21132, 107], [61, 5]]	5	Chronic interstitial cystitis	14.13	4.967e-08	14.12	4.076e-08	16.19	2.540e-05	16.19	6.020e-06	6.889e-09	34.17
exm1085535	pheno_112.3	3.006e-03	0.003005	3.836e-03	[[25458, 149, 0], [93, 6, 0]]	6.0	Candidiasis of skin and nails	11.12	2.072e-08	11.09	2.110e-08	10.71	3.281e-05	10.71	9.595e-06	2.856e-08	50.17
exm1086230	pheno_642.1	2.431e-03	0.002431	6.860e-03	[[15075, 78], [99, 6]]	6	Preeclampsia and eclampsia	14.26	2.77e-09	0.00	0.000e+00	11.71	2.421e-05	11.71	6.906e-06	2.064e-08	49.71
exm1086230	pheno_575.1	2.431e-03	0.002431	8.587e-03	[[27137, 126], [229, 8]]	8	Cholangitis	7.8	3.557e-08	7.74	3.491e-08	7.52	2.217e-05	7.52	7.913e-06	6.001e-08	92.06
exm1086336	pheno_523.1	2.777e-03	0.002776	7.647e-03	[[27355, 144, 1], [204, 8, 0]]	8.0	Gingivitis	6.91	1.048e-07	6.85	1.216e-07	7.23	2.709e-05	7.23	9.821e-06	8.076e-08	89.48
exm1086782	pheno_010	1.178e-03	0.001195	1.799e-03	[[24891, 59], [42, 3]]	3	Tuberculosis	34.91	1.101e-08	32.56	1.499e-08	30.13	1.915e-04	30.13	3.211e-05	4.946e-08	9.77
exm1092064	pheno_580.4	2.664e-03	0.002664	3.894e-03	[[22092, 112], [82, 5]]	5	Renal sclerosis, NOS	12.01	1.378e-07	12.27	1.022e-07	12.03	9.584e-05	12.03	2.625e-05	1.712e-07	27.48
exm1094882	pheno_157	1.486e-03	0.001485	8.602e-03	[[25191, 75], [214, 6]]	6	Pancreatic cancer	10.15	9.127e-08	9.66	1.744e-07	9.42	7.314e-05	9.42	2.324e-05	2.269e-07	39.90
exm1095188	pheno_271.9	1.077e-03	0.001076	6.754e-04	[[29528, 59, 1], [18, 2, 0]]	2.0	Other disorders of carbohydrate transport and metabolism	46.52	1.387e-07	60.00	5.634e-08	51.01	8.465e-04	51.01	1.032e-04	2.493e-07	4.64
exm1097059	pheno_743.22	1.514e-03	0.001514	4.279e-03	[[22973, 58], [95, 4]]	4	Pathologic fracture of femur	17.48	7.029e-08	17.48	7.088e-08	16.68	1.456e-04	16.68	3.385e-05	1.463e-07	17.10
exm1097680	pheno_701.3	1.161e-03	0.00116	1.965e-03	[[26348, 61], [49, 3]]	3	Circumscribed scleroderma	29.18	4.539e-08	28.78	4.743e-08	26.44	2.740e-04	26.44	4.897e-05	1.380e-07	9.53
exm1097680	pheno_258	1.161e-03	0.00116	2.288e-03	[[25669, 58], [56, 3]]	3	Iatrogenic endocrine disorders	25.99	1.21e-07	26.07	1.024e-07	23.71	3.726e-04	23.71	7.037e-05	3.352e-07	9.26
exm1098203	pheno_360.2	2.676e-03	0.002676	1.659e-03	[[26326, 136, 1], [41, 2, 1]]	4.0	Progressive myopia	15.31	3.603e-08	14.65	5.151e-08	18.22	9.661e-05	18.22	2.104e-05	3.904e-08	18.70
exm1099035	pheno_871.3	1.935e-03	0.001934	2.170e-03	[[26112, 94, 1], [53, 4, 0]]	4.0	Open wound of foot except toe(s) alone	19.37	8.215e-09	16.49	4.671e-08	19.82	7.026e-05	19.82	1.477e-05	1.595e-08	19.53
exm1099035	pheno_110.13	1.935e-03	0.001934	3.372e-03	[[25613, 96, 1], [83, 4, 0]]	4.0	Dermatophytosis of the body	14.77	1.398e-07	11.35	1.407e-06	12.32	4.105e-04	12.32	1.090e-04	1.728e-06	14.80
exm1101699	pheno_530.9	4.425e-03	0.004423	9.380e-03	[[19060, 157, 0], [173, 9, 0]]	9.0	Heartburn	6.41	1.359e-07	6.43	1.232e-07	6.18	2.966e-05	6.18	1.167e-05	1.662e-07	105.08
exm1105441	pheno_586.3	5.535e-03	0.005533	1.525e-03	[[22023, 228, 5], [29, 5, 0]]	5.0	Vascular disorders of kidney/hypertrophy	12.64	1.053e-08	11.95	1.385e-08	14.76	3.638e-05	14.76	8.900e-06	1.455e-08	33.14
exm1106680	pheno_642.1	2.195e-03	0.002194	6.860e-03	[[15084, 68], [99, 6]]	6	Preeclampsia and eclampsia	16.33	5.561e-10	0.00	0.000e+00	13.44	1.167e-05	13.44	3.129e-06	3.842e-09	56.73
exm1107163	pheno_728.1	1.464e-03	0.001463	9.753e-04	[[23500, 58, 2], [20, 3, 0]]	3.0	Muscular calcification and ossification	27.2	1.042e-08	27.51	7.080e-09	52.95	3.634e-05	52.95	4.600e-06	1.914e-10	10.98
exm1108572	pheno_642.1	1.758e-03	0.001757	6.860e-03	[[15080, 56], [99, 5]]	5	Preeclampsia and eclampsia	17.06	7.832e-09	0.00	0.000e+00	13.60	5.901e-05	13.60	1.557e-05	6.260e-08	29.23
exm1110501	pheno_642.1	3.165e-03	0.003164	6.860e-03	[[15024, 100], [97, 7]]	7	Preeclampsia and eclampsia	12.14	1.877e-09	0.00	0.000e+00	10.84	8.425e-06	10.84	2.508e-06	4.528e-09	85.62
exm1110501	pheno_697	3.165e-03	0.003164	1.112e-02	[[24937, 154], [270, 11]]	11	Sarcoidosis	6.2	1.088e-08	6.45	4.777e-09	6.60	2.466e-06	6.60	9.538e-07	3.215e-09	330.48
exm1110501	pheno_575.1	3.165e-03	0.003164	8.587e-03	[[27036, 165], [224, 9]]	9	Cholangitis	6.85	3.991e-08	6.80	4.082e-08	6.58	1.912e-05	6.58	7.289e-06	7.262e-08	119.43
exm1114645	pheno_459.9	3.445e-03	0.003444	1.693e-02	[[21150, 136], [377, 11]]	11	Circulatory disease NEC	5.62	9.887e-08	5.31	2.089e-07	4.54	7.067e-05	4.54	3.289e-05	1.807e-06	99.08
exm1116107	pheno_539	1.060e-03	0.00106	7.219e-03	[[29367, 58], [209, 5]]	5	Bariatric surgery	13.54	4.434e-08	13.58	4.187e-08	12.11	9.364e-05	12.11	2.611e-05	1.661e-07	27.49
exm1116495	pheno_259.8	1.262e-03	0.001261	8.932e-04	[[25671, 54, 2], [20, 3, 0]]	3.0	Polyglandular activity in multiple endocrine adenomatosis	30.23	5.214e-09	32.02	2.152e-09	61.82	2.314e-05	61.82	2.717e-06	3.864e-11	11.20
exm111896	pheno_713.5	1.669e-03	0.001669	3.364e-03	[[24149, 79], [78, 4]]	4	Arthropathy associated with neurological disorders	17.43	6.843e-08	16.76	8.835e-08	15.68	1.804e-04	15.68	4.283e-05	2.462e-07	16.66
exm1119928	pheno_340.1	1.416e-03	0.001415	4.440e-03	[[27895, 75, 1], [119, 5, 0]]	5.0	Migrain with aura	13.72	1.385e-08	13.40	1.950e-08	14.93	3.327e-05	14.93	8.276e-06	1.040e-08	34.20
exm112120	pheno_703.8	1.497e-03	0.001497	1.576e-03	[[27795, 82], [41, 3]]	3	Other specified diseases of nail	25.49	1.264e-07	25.21	1.188e-07	24.80	3.295e-04	24.80	6.037e-05	2.388e-07	9.36
exm1124179	pheno_573.2	1.909e-02	0.01908	1.492e-02	[[22451, 833, 5], [312, 32, 9]]	50.0	Liver replaced by transplant	4.0	2.233e-20	4.02	1.851e-20	4.14	2.859e-11	4.14	1.105e-15	4.082e-21	nan
exm1124179	pheno_270.3	1.909e-02	0.01908	1.706e-02	[[26634, 994, 6], [437, 30, 13]]	56.0	Disorders of plasma protein metabolism	3.29	2.182e-17	3.29	2.000e-17	3.34	-5.521e-11	3.34	1.047e-13	1.129e-17	nan
exm1124179	pheno_571.51	1.909e-02	0.01908	2.985e-02	[[22451, 833, 5], [654, 54, 9]]	72.0	Cirrhosis of liver without mention of alcohol	2.82	1.548e-16	2.83	1.127e-16	2.87	2.642e-11	2.87	8.974e-14	4.176e-17	nan
exm1124179	pheno_270	1.909e-02	0.01908	2.072e-02	[[26634, 994, 6], [537, 34, 13]]	60.0	Disorders of protein plasma/amino-acid transport and metabolism	2.85	7.998e-15	2.84	8.927e-15	2.92	2.399e-11	2.92	3.191e-12	2.882e-15	nan
exm1124179	pheno_851	1.909e-02	0.01908	1.763e-02	[[24137, 904, 11], [408, 33, 9]]	51.0	Complications of transplants and reattached limbs	3.05	1.688e-14	3.01	2.946e-14	3.19	-2.687e-11	3.19	5.870e-12	3.541e-15	nan
exm1124179	pheno_571.8	1.909e-02	0.01908	2.335e-02	[[22451, 833, 5], [511, 38, 8]]	54.0	Liver abscess and sequelae of chronic liver disease	2.72	2.685e-12	2.73	2.217e-12	2.76	3.658e-10	2.76	2.401e-10	1.158e-12	nan
exm1124179	pheno_571.5	1.909e-02	0.01908	4.083e-02	[[22451, 833, 5], [921, 61, 10]]	81.0	Other chronic nonalcoholic liver disease	2.27	3.197e-12	2.28	2.783e-12	2.31	2.094e-10	2.31	9.578e-11	1.205e-12	nan
exm1124179	pheno_571.81	1.909e-02	0.01908	1.551e-02	[[22451, 833, 5], [337, 23, 7]]	37.0	Portal hypertension	2.83	1.212e-09	2.84	1.102e-09	2.88	6.680e-08	2.88	3.929e-08	6.392e-10	nan
exm1124179	pheno_571	1.909e-02	0.01908	4.975e-02	[[22451, 833, 5], [1143, 67, 10]]	87.0	Chronic liver disease and cirrhosis	1.98	1.744e-09	1.98	1.672e-09	2.01	2.820e-08	2.01	1.184e-08	8.076e-10	177689.28
exm1124179	pheno_530.2	1.909e-02	0.01908	1.879e-02	[[18499, 696, 9], [338, 25, 5]]	35.0	Esophageal bleeding (varices/hemorrhage)	2.61	4.43e-08	2.59	5.271e-08	2.64	1.641e-06	2.64	6.499e-07	3.432e-08	3862.65
exm1124193	pheno_531.1	4.004e-03	0.004003	3.531e-03	[[28280, 224], [94, 7]]	7	Hemorrhage from gastrointestinal ulcer	9.48	2.104e-08	9.46	1.911e-08	9.40	1.847e-05	9.40	5.784e-06	2.164e-08	74.49
exm1124516	pheno_420.22	2.204e-03	0.002203	3.524e-03	[[27032, 113], [91, 5]]	5	Chronic pericarditis	13.18	4.183e-08	13.16	4.202e-08	13.14	6.251e-05	13.14	1.639e-05	5.746e-08	30.07
exm1124581	pheno_071	1.194e-03	0.001194	5.005e-03	[[24393, 57, 1], [118, 5, 0]]	5.0	Human immunodeficiency virus [HIV] disease	17.21	1.11e-09	17.54	8.616e-10	17.18	1.807e-05	17.18	4.240e-06	2.361e-09	36.97
exm1125014	pheno_339	2.353e-03	0.002352	7.844e-04	[[27730, 117, 4], [20, 1, 1]]	3.0	Other headache syndromes	16.32	9.955e-08	16.64	7.954e-08	32.53	1.462e-04	32.53	2.323e-05	1.802e-08	10.17
exm1127406	pheno_571.6	1.181e-03	0.001181	1.011e-02	[[23185, 46, 0], [232, 6, 0]]	6.0	Primary biliary cirrhosis	12.34	1.232e-08	12.25	1.284e-08	12.88	1.446e-05	12.88	4.043e-06	6.306e-09	54.74
exm112779	pheno_526.41	3.264e-03	0.003263	2.357e-03	[[27340, 168, 3], [61, 3, 1]]	5.0	Temporomandibular joint disorder, unspecified	10.25	6.277e-08	9.74	9.800e-08	12.61	7.021e-05	12.61	1.863e-05	6.455e-08	30.31
exm1127996	pheno_220	3.382e-03	0.003381	6.740e-03	[[12161, 70], [77, 6]]	6	Benign neoplasm of ovary	12.92	7.084e-09	0.00	0.000e+00	13.54	1.172e-05	13.54	3.128e-06	4.288e-09	55.72
exm1130553	pheno_697	2.585e-03	0.002584	1.112e-02	[[25008, 126], [272, 10]]	10	Sarcoidosis	6.8	1.113e-08	7.15	4.106e-09	7.30	3.000e-06	7.30	1.105e-06	3.022e-09	251.83
exm1130553	pheno_575.1	2.585e-03	0.002584	8.587e-03	[[27113, 135], [229, 8]]	8	Cholangitis	7.18	1.132e-07	7.16	1.064e-07	7.02	3.551e-05	7.02	1.309e-05	1.577e-07	80.41
exm1134114	pheno_790.8	1.598e-03	0.001598	4.640e-03	[[25875, 78], [116, 5]]	5	Elevated C-reactive protein (CRP)	14.93	1.113e-08	14.46	1.531e-08	14.30	4.307e-05	14.30	1.094e-05	2.344e-08	31.95
exm113805	pheno_502	3.096e-03	0.003095	1.763e-02	[[20117, 111, 2], [354, 7, 2]]	11.0	Postinflammatory pulmonary fibrosis	5.28	5.359e-08	5.21	6.332e-08	5.40	1.537e-05	5.40	6.624e-06	1.128e-07	177.15
exm1144019	pheno_614.1	1.834e-03	0.001833	5.762e-03	[[14265, 55], [78, 5]]	5	Pelvic peritoneal adhesions, female (postoperative) (postinfection)	17.19	3.71e-09	0.00	0.000e+00	16.63	2.396e-05	16.63	5.736e-06	7.066e-09	33.57
exm1144074	pheno_367.9	1.026e-03	0.001026	1.024e-02	[[27315, 51], [277, 6]]	6	Blindness and low vision	11.72	2.487e-08	11.94	1.507e-08	11.60	2.554e-05	11.60	7.469e-06	2.384e-08	49.02
exm1145890	pheno_733.4	1.044e-03	0.001043	7.411e-03	[[25246, 48], [184, 5]]	5	Aseptic necrosis of bone	14.22	2.604e-08	13.49	4.931e-08	14.29	4.576e-05	14.29	1.187e-05	3.181e-08	30.85
exm1146241	pheno_686.3	2.709e-03	0.002708	1.016e-03	[[24447, 137], [21, 4]]	4	Pilonidal cyst	33.49	5.399e-10	33.03	6.094e-10	33.99	1.190e-05	33.99	1.909e-06	2.676e-10	20.76
exm1147252	pheno_642.1	2.429e-03	0.002428	6.860e-03	[[15092, 77], [98, 6]]	6	Preeclampsia and eclampsia	13.96	3.529e-09	0.00	0.000e+00	12.00	2.129e-05	12.00	6.004e-06	1.537e-08	50.96
exm1149181	pheno_642.1	2.182e-03	0.002181	6.860e-03	[[15059, 67], [98, 6]]	6	Preeclampsia and eclampsia	16.28	5.664e-10	0.00	0.000e+00	13.76	1.030e-05	13.76	2.734e-06	2.873e-09	57.93
exm1150507	pheno_441	1.043e-03	0.001043	6.773e-03	[[24000, 51], [159, 5]]	5	Vascular insufficiency of intestine	14.94	1.398e-08	14.76	1.575e-08	14.80	3.874e-05	14.80	9.850e-06	2.061e-08	31.82
exm1150507	pheno_550.3	1.043e-03	0.001043	7.704e-04	[[25886, 53], [18, 2]]	2	Femoral hernia	76.83	3.076e-08	72.55	3.678e-08	54.27	8.172e-04	54.27	9.724e-05	3.039e-07	4.54
exm1153299	pheno_446.6	2.810e-03	0.002809	1.453e-03	[[23919, 129], [31, 4]]	4	Polyarteritis nodosa	22.52	8.644e-09	22.97	6.296e-09	23.92	4.076e-05	23.92	7.780e-06	5.985e-09	19.42
exm115552	pheno_054	1.098e-03	0.001098	8.153e-03	[[24290, 49], [196, 5]]	5	Herpes simplex	13.18	6.659e-08	13.37	6.110e-08	12.65	8.007e-05	12.65	2.204e-05	1.242e-07	27.90
exm1157929	pheno_411.41	1.346e-03	0.001345	2.540e-03	[[21935, 53], [53, 3]]	3	Aneurysm and dissection of heart	27.03	9.637e-08	25.60	1.218e-07	23.43	3.913e-04	23.43	7.455e-05	4.018e-07	9.17
exm1160128	pheno_368.3	5.115e-03	0.005113	8.431e-04	[[26988, 262, 3], [19, 4, 0]]	4.0	Anisometropia	16.5	2.954e-08	16.22	2.957e-08	19.27	8.366e-05	19.27	1.760e-05	3.241e-08	18.54
exm1161045	pheno_696.41	1.292e-01	0.1292	1.226e-02	[[18091, 5306, 399], [181, 97, 17]]	131.0	Psoriasis vulgaris	2.02	2.672e-10	1.93	4.537e-11	1.94	6.150e-10	1.94	2.242e-10	2.064e-11	3305927.21
exm1161045	pheno_696.4	1.292e-01	0.1292	1.610e-02	[[18091, 5306, 399], [247, 125, 17]]	159.0	Psoriasis	1.84	8.001e-10	1.74	7.297e-10	1.75	4.799e-09	1.75	2.100e-09	3.429e-10	1088612.23
exm1161045	pheno_696	1.292e-01	0.1292	1.667e-02	[[18091, 5306, 399], [259, 127, 17]]	161.0	Psoriasis and related disorders	1.76	9.815e-09	1.69	3.707e-09	1.70	1.691e-08	1.70	8.651e-09	1.780e-09	415863.63
exm1161676	pheno_374.2	1.719e-03	0.001719	1.089e-03	[[25284, 87], [25, 3]]	3	Lagophthalmos	32.54	2.374e-08	33.67	1.540e-08	34.87	1.322e-04	34.87	2.046e-05	1.921e-08	9.87
exm1165508	pheno_697	2.227e-03	0.002226	1.112e-02	[[25064, 108, 1], [275, 9, 0]]	9.0	Sarcoidosis	6.62	4.794e-08	6.86	2.479e-08	7.35	8.196e-06	7.35	2.999e-06	1.287e-08	154.22
exm1165508	pheno_642.1	2.227e-03	0.002226	6.860e-03	[[15093, 69, 0], [99, 5, 0]]	5.0	Preeclampsia and eclampsia	13.9	6.105e-08	0.00	0.000e+00	10.80	1.538e-04	10.80	4.504e-05	5.126e-07	25.05
exm1169144	pheno_874	3.348e-03	0.003347	1.904e-03	[[26033, 171], [44, 6]]	6	Complication of amputation stump	19.16	2.958e-11	19.16	2.795e-11	20.76	1.072e-06	20.76	2.258e-07	9.918e-12	80.68
exm1170353	pheno_110.12	2.433e-03	0.002432	4.029e-03	[[25495, 115], [97, 5]]	5	Althete's foot	12.86	7.993e-08	12.26	1.114e-07	11.43	1.182e-04	11.43	3.318e-05	2.700e-07	26.57
exm1171782	pheno_642.1	2.701e-03	0.002701	6.860e-03	[[15070, 83], [98, 6]]	6	Preeclampsia and eclampsia	11.82	3.156e-08	0.00	0.000e+00	11.12	3.189e-05	11.12	9.313e-06	3.852e-08	47.08
exm1173113	pheno_378.1	1.935e-03	0.001934	1.001e-02	[[25713, 96], [252, 9]]	9	Strabismus (not specified as paralytic)	8.64	9.363e-09	8.33	1.911e-08	9.57	1.145e-06	9.57	3.708e-07	2.231e-10	250.60
exm1174428	pheno_571.6	2.383e-03	0.002382	1.011e-02	[[23087, 112], [229, 8]]	8	Primary biliary cirrhosis	7.19	1.305e-07	6.86	2.405e-07	7.20	3.086e-05	7.20	1.129e-05	1.250e-07	82.67
exm1176384	pheno_642.1	2.400e-03	0.002399	6.860e-03	[[15057, 70], [99, 6]]	6	Preeclampsia and eclampsia	15.1	1.501e-09	0.00	0.000e+00	13.04	1.374e-05	13.04	3.736e-06	5.625e-09	55.15
exm1177565	pheno_751.11	4.037e-03	0.004036	2.175e-03	[[15030, 111, 1], [29, 4, 0]]	4.0	Congenital anomalies of female genital organs	25.72	9.184e-09	0.00	0.000e+00	17.23	1.257e-04	17.23	2.825e-05	9.281e-08	17.64
exm1177994	pheno_642.1	1.453e-03	0.001453	6.860e-03	[[15093, 47], [100, 5]]	5	Preeclampsia and eclampsia	18.6	3.714e-09	0.00	0.000e+00	16.06	2.830e-05	16.06	6.945e-06	1.095e-08	32.64
exm117887	pheno_389.2	1.211e-03	0.001211	1.652e-02	[[25838, 50, 2], [426, 9, 0]]	9.0	Conductive hearing loss	7.76	3.793e-08	7.43	1.206e-07	10.01	9.397e-07	10.01	3.084e-07	2.139e-10	242.03
exm1179874	pheno_642.1	2.210e-03	0.00221	6.860e-03	[[15081, 67], [98, 6]]	6	Preeclampsia and eclampsia	16.7	4.104e-10	0.00	0.000e+00	13.78	1.022e-05	13.78	2.710e-06	2.816e-09	58.02
exm1180284	pheno_474.1	1.901e-03	0.0019	1.478e-03	[[20859, 83], [28, 3]]	3	Acute tonsillitis	32.2	5.025e-08	31.73	5.801e-08	26.93	2.754e-04	26.93	4.849e-05	1.673e-07	9.34
exm1180599	pheno_165	3.322e-01	0.3322	4.352e-02	[[12577, 12299, 3077], [483, 611, 178]]	967.0	Cancer within the respiratory system	1.25	7.803e-08	1.26	6.804e-08	1.24	2.106e-07	1.24	1.068e-07	8.630e-08	208793.21
exm1180599	pheno_165.1	3.322e-01	0.3322	4.284e-02	[[12577, 12299, 3077], [475, 600, 176]]	952.0	Cancer of bronchus; lung	1.26	8.22e-08	1.26	7.074e-08	1.25	2.125e-07	1.25	1.078e-07	8.706e-08	205070.19
exm1181642	pheno_297.2	2.355e-03	0.002355	2.833e-03	[[20319, 91], [54, 4]]	4	Suicide or self-inflicted injury	16.72	1.265e-07	16.20	1.802e-07	16.54	1.525e-04	16.54	3.514e-05	1.716e-07	16.89
exm1181796	pheno_686.3	1.194e-03	0.001194	1.016e-03	[[24529, 56], [23, 2]]	2	Pilonidal cyst	68.68	1.265e-07	58.93	2.783e-07	38.09	1.582e-03	38.09	2.238e-04	2.494e-06	4.42
exm1184280	pheno_519.2	1.057e-03	0.001056	2.132e-03	[[24069, 45], [51, 3]]	3	Respiratory complications	33.97	1.181e-08	34.20	1.067e-08	31.46	1.698e-04	31.46	2.812e-05	3.477e-08	9.85
exm1187096	pheno_870.5	1.009e-03	0.001009	2.246e-03	[[26158, 48], [56, 3]]	3	Open wound of lip and mouth	29.96	2.84e-08	29.90	2.774e-08	29.19	2.077e-04	29.19	3.559e-05	6.122e-08	9.74
exm1188984	pheno_575.1	1.030e-03	0.001029	8.587e-03	[[27218, 51], [231, 6]]	6	Cholangitis	14.06	1.688e-09	14.05	1.554e-09	13.86	9.653e-06	13.86	2.588e-06	2.342e-09	59.09
exm1188984	pheno_157	1.030e-03	0.001029	8.602e-03	[[25215, 49], [215, 5]]	5	Pancreatic cancer	12.7	1.089e-07	11.80	2.658e-07	11.97	1.027e-04	11.97	2.904e-05	2.240e-07	26.61
exm1189248	pheno_530.15	3.971e-03	0.003969	2.646e-03	[[19069, 149], [45, 6]]	6	Eosinophilic esophagitis	15.39	7.729e-09	15.73	2.925e-09	17.06	3.284e-06	17.06	7.645e-07	1.950e-10	68.40
exm1189673	pheno_358.1	1.077e-03	0.001076	5.102e-03	[[26663, 52], [132, 5]]	5	Myasthenia gravis	20.31	3.71e-10	19.97	4.500e-10	19.42	1.087e-05	19.42	2.415e-06	7.404e-10	38.59
exm1189673	pheno_358	1.077e-03	0.001076	5.657e-03	[[26663, 52], [147, 5]]	5	Myoneural disorders	18.1	1.44e-09	17.82	1.741e-09	17.44	1.792e-05	17.44	4.199e-06	2.778e-09	36.03
exm1189778	pheno_643	2.052e-03	0.002052	1.773e-03	[[15139, 63], [24, 3]]	3	Excessive vomiting in pregnancy	36.81	1.896e-08	0.00	0.000e+00	30.04	2.111e-04	30.04	3.547e-05	8.891e-08	9.40
exm1190406	pheno_642.1	2.310e-03	0.002326	6.860e-03	[[15006, 72], [99, 5]]	5	Preeclampsia and eclampsia	13.37	9.079e-08	0.00	0.000e+00	10.53	1.830e-04	10.53	5.419e-05	8.473e-07	23.65
exm1190406	pheno_571.6	2.310e-03	0.002326	1.011e-02	[[22978, 108], [229, 8]]	8	Primary biliary cirrhosis	7.34	1.001e-07	7.04	1.717e-07	7.43	2.499e-05	7.43	9.018e-06	8.161e-08	87.71
exm119231	pheno_529	2.170e-03	0.002169	3.079e-03	[[27409, 116], [80, 5]]	5	Diseases and other conditions of the tongue	14.45	1.466e-08	14.37	1.523e-08	14.77	3.688e-05	14.77	9.124e-06	1.556e-08	32.89
exm1192377	pheno_365.11	1.379e-03	0.001379	1.462e-02	[[26415, 67], [385, 8]]	8	Primary open angle glaucoma	9.32	4.318e-08	9.15	2.215e-08	8.19	1.398e-05	8.19	4.917e-06	2.851e-08	99.29
exm1193525	pheno_537.1	2.507e-03	0.002506	1.772e-03	[[25775, 132], [42, 4]]	4	Lesions of stomach and duodenum	18.86	4.932e-08	18.19	5.805e-08	18.60	9.924e-05	18.60	2.143e-05	5.670e-08	17.88
exm1193637	pheno_803.3	4.291e-03	0.00429	5.317e-03	[[25228, 208], [128, 8]]	8	Fracture of clavicle or scapula	7.54	5.274e-08	7.53	5.408e-08	7.58	2.122e-05	7.58	7.459e-06	5.544e-08	92.94
exm1193931	pheno_327.5	1.447e-03	0.001446	1.108e-03	[[24285, 63, 1], [24, 3, 0]]	3.0	Parasomnia	29.9	7.468e-08	28.85	1.857e-07	44.01	6.117e-05	44.01	8.473e-06	1.051e-09	10.76
exm1193943	pheno_441	4.997e-03	0.004995	6.773e-03	[[23829, 219, 1], [154, 9, 1]]	11.0	Vascular insufficiency of intestine	7.04	3.26e-10	7.06	2.926e-10	7.52	6.370e-07	7.52	2.289e-07	1.574e-10	527.03
exm1193943	pheno_283.1	4.997e-03	0.004995	3.712e-03	[[18874, 181, 1], [65, 5, 1]]	7.0	Autoimmune hemolytic anemias	9.93	3.606e-09	9.65	4.581e-09	10.75	7.540e-06	10.75	2.218e-06	2.426e-09	94.14
exm1194288	pheno_701.5	2.153e-03	0.002153	2.154e-03	[[26301, 109, 1], [53, 4, 0]]	4.0	Abnormal granulation tissue	15.17	9.014e-08	15.03	9.772e-08	17.27	1.173e-04	17.27	2.632e-05	6.534e-08	18.25
exm1196037	pheno_743.4	1.279e-03	0.001278	1.777e-03	[[22974, 60], [38, 3]]	3	Stress fracture	29.12	5.944e-08	29.71	3.896e-08	30.23	1.920e-04	30.23	3.214e-05	5.194e-08	9.73
exm1196213	pheno_697	2.616e-03	0.002615	1.112e-02	[[25028, 130], [273, 10]]	10	Sarcoidosis	6.72	1.291e-08	6.92	6.953e-09	7.05	3.984e-06	7.05	1.490e-06	5.337e-09	232.10
exm1196213	pheno_575.1	2.616e-03	0.002615	8.587e-03	[[27140, 137], [229, 8]]	8	Cholangitis	7.23	9.928e-08	7.06	1.300e-07	6.92	3.893e-05	6.92	1.444e-05	1.899e-07	78.26
exm1197686	pheno_619.3	2.122e-03	0.002122	3.169e-03	[[14382, 69], [42, 4]]	4	Noninflammatory disorders of cervix	20.58	2.189e-08	0.00	0.000e+00	19.85	8.228e-05	19.85	1.747e-05	3.992e-08	17.93
exm1199056	pheno_750.22	1.463e-03	0.001481	1.468e-03	[[24589, 68], [29, 3]]	3	Congenital anomaly of gallbladder, bile ducts, liver, pancreas	38.88	1.045e-08	35.42	2.166e-08	37.41	1.065e-04	37.41	1.600e-05	9.222e-09	10.07
exm1199091	pheno_580.31	1.598e-03	0.001614	1.120e-02	[[22189, 68], [245, 7]]	7	Nephritis and nephropathy in diseases classified elsewhere	9.72	1.842e-08	9.52	2.236e-08	9.32	2.106e-05	9.32	6.857e-06	3.376e-08	69.84
exm1199091	pheno_750.22	1.598e-03	0.001614	1.468e-03	[[27798, 85], [38, 3]]	3	Congenital anomaly of gallbladder, bile ducts, liver, pancreas	26.83	1.409e-07	25.42	2.106e-07	25.82	2.956e-04	25.82	5.306e-05	1.771e-07	9.43
exm1199819	pheno_724	3.062e-03	0.003061	4.587e-03	[[24170, 136, 1], [105, 7, 0]]	7.0	Other and unspecified disorders of back	10.92	1.153e-09	11.02	8.737e-10	11.33	5.248e-06	11.33	1.513e-06	9.575e-10	103.12
exm1199819	pheno_724.1	3.062e-03	0.003061	8.221e-04	[[24170, 136, 1], [17, 3, 0]]	3.0	Disorders of sacrum	26.58	5.289e-08	26.94	4.774e-08	28.48	2.176e-04	28.48	3.691e-05	6.556e-08	9.79
exm1201371	pheno_575.1	1.477e-03	0.001476	8.587e-03	[[27036, 73], [229, 6]]	6	Cholangitis	9.75	1.332e-07	9.85	1.085e-07	9.70	6.224e-05	9.70	1.952e-05	1.578e-07	41.47
exm1202219	pheno_209	1.009e-03	0.001009	1.818e-03	[[29585, 57], [51, 3]]	3	Neuroendocrine tumors	30.33	2.545e-08	29.32	3.242e-08	30.53	1.807e-04	30.53	3.013e-05	3.869e-08	9.89
exm1204512	pheno_529	7.301e-03	0.007299	3.079e-03	[[27135, 388, 2], [77, 8, 0]]	8.0	Diseases and other conditions of the tongue	6.91	1.34e-07	6.87	1.423e-07	6.89	3.731e-05	6.89	1.363e-05	1.553e-07	81.57
exm1204723	pheno_780	1.548e-03	0.001547	2.334e-03	[[29409, 86], [64, 5]]	5	Hypothermia/Chills	24.96	3.086e-11	25.47	2.023e-11	26.72	2.379e-06	26.72	4.426e-07	9.744e-12	46.38
exm1206135	pheno_735.3	1.094e-03	0.001094	7.415e-03	[[26294, 54], [192, 5]]	5	Hallux valgus (Bunion)	13.1	1.136e-07	12.68	1.256e-07	12.68	7.738e-05	12.68	2.116e-05	1.090e-07	28.32
exm1207461	pheno_593.1	8.075e-03	0.008072	8.588e-03	[[20919, 320, 1], [171, 13, 0]]	13.0	Gross hematuria	4.99	3.747e-08	5.01	3.210e-08	4.79	7.963e-06	4.79	3.569e-06	5.141e-08	317.04
exm1208411	pheno_259.1	2.305e-03	0.002304	3.370e-03	[[25614, 114], [82, 5]]	5	Nonspecific abnormal results of other endocrine function study	12.44	9.293e-08	13.01	5.116e-08	13.70	5.227e-05	13.70	1.342e-05	3.783e-08	30.92
exm1208970	pheno_157	2.372e-03	0.002371	8.602e-03	[[25246, 107], [212, 8]]	8	Pancreatic cancer	9.14	4.488e-09	8.74	1.004e-08	8.90	7.095e-06	8.90	2.345e-06	5.531e-09	123.60
exm1210031	pheno_593.1	1.045e-03	0.001044	8.588e-03	[[21164, 32], [179, 5]]	5	Gross hematuria	24.19	2.198e-10	23.06	2.818e-10	18.47	1.559e-05	18.47	3.663e-06	2.866e-09	34.73
exm1210031	pheno_367.1	1.045e-03	0.001044	2.723e-02	[[27271, 48], [756, 10]]	10	Myopia	7.58	8.723e-09	7.68	7.534e-09	7.52	3.434e-06	7.52	1.325e-06	7.636e-09	205.36
exm1210044	pheno_593.1	1.077e-03	0.001076	8.588e-03	[[21206, 34], [179, 5]]	5	Gross hematuria	21.99	6.639e-10	21.30	6.703e-10	17.42	2.011e-05	17.42	4.840e-06	5.194e-09	33.77
exm1210765	pheno_378.1	1.151e-02	0.01151	1.001e-02	[[25223, 578, 5], [241, 20, 0]]	20.0	Strabismus (not specified as paralytic)	3.77	2.628e-08	3.65	6.468e-08	3.46	4.555e-06	3.46	2.415e-06	7.506e-08	816.93
exm1212566	pheno_281.9	2.170e-03	0.002169	7.086e-03	[[18983, 74, 0], [130, 6, 0]]	6.0	Deficiency anemias	12.13	1.417e-08	11.82	1.652e-08	11.60	2.320e-05	11.60	6.663e-06	1.518e-08	52.12
exm1213606	pheno_255.3	1.767e-03	0.001766	1.165e-03	[[25632, 93], [27, 3]]	3	Adrenogenital disorders	36.88	1.132e-08	34.12	1.953e-08	30.62	1.894e-04	30.62	3.122e-05	5.448e-08	9.66
exm1213606	pheno_724.9	1.767e-03	0.001766	1.274e-03	[[24221, 83], [28, 3]]	3	Other unspecified back disorders	30.57	4.494e-08	31.51	3.178e-08	31.27	1.783e-04	31.27	2.915e-05	4.524e-08	9.71
exm1214448	pheno_642.1	2.226e-03	0.002225	6.860e-03	[[15094, 68], [100, 5]]	5	Preeclampsia and eclampsia	13.0	1.232e-07	0.00	0.000e+00	11.10	1.449e-04	11.10	4.190e-05	5.000e-07	24.81
exm121746	pheno_305.21	1.598e-03	0.001598	1.126e-03	[[20343, 69], [20, 3]]	3	Anorexia nervosa	64.89	3.638e-10	69.61	2.102e-10	44.22	7.061e-05	44.22	9.775e-06	3.433e-09	10.05
exm1217630	pheno_571.6	1.232e-03	0.001231	1.011e-02	[[23175, 53], [229, 6]]	6	Primary biliary cirrhosis	11.19	3.589e-08	10.99	4.167e-08	11.46	2.739e-05	11.46	8.042e-06	2.807e-08	48.30
exm1217917	pheno_446.3	1.377e-03	0.001377	1.826e-03	[[21276, 50, 0], [40, 3, 0]]	3.0	Hypersensitivity angiitis	31.21	2.572e-08	32.26	1.770e-08	30.80	1.714e-04	30.80	2.854e-05	2.968e-08	10.04
exm1220681	pheno_283.2	1.377e-02	0.01377	3.347e-03	[[18516, 486, 8], [53, 10, 0]]	10.0	Non-autoimmune hemolytic anemias	6.14	2.889e-08	6.25	2.075e-08	6.44	8.348e-06	6.44	3.180e-06	2.296e-08	185.82
exm1221478	pheno_283.1	4.054e-03	0.004053	3.712e-03	[[18910, 147, 0], [64, 7, 0]]	7.0	Autoimmune hemolytic anemias	13.6	1.528e-10	14.06	8.350e-11	13.39	1.885e-06	13.39	4.998e-07	8.621e-11	124.26
exm1221478	pheno_283	4.054e-03	0.004053	8.945e-03	[[18910, 147, 0], [163, 9, 0]]	9.0	Acquired hemolytic anemias	6.98	3.955e-08	7.07	2.951e-08	6.94	1.244e-05	6.94	4.636e-06	2.900e-08	137.93
exm1221833	pheno_735.1	4.341e-03	0.004339	2.119e-03	[[26149, 218, 0], [50, 6, 0]]	6.0	Flat foot	14.49	1.043e-09	14.39	1.079e-09	13.64	8.922e-06	13.64	2.302e-06	1.211e-09	64.70
exm1221854	pheno_550.1	1.009e-03	0.001009	2.128e-02	[[25891, 47], [556, 8]]	8	Inguinal hernia	9.92	3.117e-08	9.90	2.827e-08	7.93	2.022e-05	7.93	7.404e-06	7.745e-08	84.86
exm1222295	pheno_874	1.615e-03	0.001615	1.904e-03	[[26130, 76], [46, 4]]	4	Complication of amputation stump	31.7	1.363e-10	31.61	1.295e-10	29.90	1.654e-05	29.90	2.858e-06	3.551e-10	21.70
exm1223760	pheno_385.5	1.127e-03	0.001127	1.341e-03	[[26007, 59], [32, 3]]	3	Tympanosclerosis and middle ear disease related to otitis media	39.9	2.772e-09	38.30	4.130e-09	41.32	7.912e-05	41.32	1.135e-05	3.442e-09	10.30
exm1224152	pheno_694	4.778e-03	0.004777	1.078e-02	[[25008, 233, 1], [263, 12, 0]]	12.0	Dyschromia and Vitiligo	5.07	7.242e-08	4.96	9.316e-08	4.77	1.818e-05	4.77	8.182e-06	1.755e-07	201.81
exm1225195	pheno_293	2.052e-03	0.002052	1.054e-03	[[27380, 104], [26, 3]]	3	Symptoms involving head and neck	31.46	2.533e-08	30.23	3.520e-08	30.38	1.941e-04	30.38	3.207e-05	5.910e-08	9.63
exm1226011	pheno_523.32	1.178e-03	0.001177	1.126e-03	[[27448, 63], [28, 3]]	3	Chronic periodontitis	42.91	2.269e-09	46.87	6.526e-10	46.68	5.631e-05	46.68	7.595e-06	1.206e-09	10.45
exm122672	pheno_279.2	1.834e-03	0.001833	1.133e-03	[[27229, 97], [28, 3]]	3	Autoimmune disease NEC	28.8	6.699e-08	28.54	6.566e-08	30.08	1.977e-04	30.08	3.286e-05	6.025e-08	9.65
exm1238297	pheno_635.2	1.161e-03	0.00116	2.866e-03	[[15272, 34], [41, 3]]	3	Antepartum hemorrhage, abruptio placentae, and placenta previa	39.76	9.385e-09	0.00	0.000e+00	32.87	1.595e-04	32.87	2.618e-05	3.564e-08	9.68
exm1238729	pheno_596.5	1.060e-03	0.00106	2.110e-02	[[26495, 47], [564, 8]]	8	Functional disorders of bladder	8.7	2.148e-08	8.89	1.744e-08	8.00	1.901e-05	8.00	6.931e-06	6.826e-08	86.33
exm1239281	pheno_158	7.049e-03	0.007047	9.416e-03	[[25013, 337, 4], [228, 12, 1]]	14.0	Neoplasm of unspecified nature of digestive system	4.15	1.294e-07	4.19	1.136e-07	4.37	9.834e-06	4.37	4.623e-06	9.444e-08	332.23
exm1239974	pheno_277	1.855e-03	0.001855	8.238e-03	[[25246, 89, 0], [219, 4, 1]]	6.0	Other disorders of metabolism	13.76	5.486e-09	14.92	3.909e-09	7.71	1.973e-04	7.71	6.867e-05	1.804e-06	31.49
exm1240317	pheno_300.3	3.146e-03	0.003145	3.223e-03	[[20290, 122], [61, 5]]	5	Obsessive-compulsive disorders	13.99	3.556e-08	14.10	3.475e-08	13.63	5.596e-05	13.63	1.439e-05	4.998e-08	29.99
exm1241620	pheno_642.1	2.792e-03	0.002791	6.860e-03	[[15034, 88], [98, 7]]	7	Preeclampsia and eclampsia	15.02	8.298e-11	0.00	0.000e+00	12.20	4.071e-06	12.20	1.149e-06	8.796e-10	98.88
exm1241620	pheno_697	2.792e-03	0.002791	1.112e-02	[[24962, 136], [270, 11]]	11	Sarcoidosis	7.07	1.082e-09	7.36	4.317e-10	7.48	7.882e-07	7.48	2.881e-07	3.322e-10	461.24
exm1241703	pheno_200.1	6.188e-03	0.006186	7.286e-03	[[26121, 147], [183, 9]]	9	Polycythemia vera	2.99	5.282e-10	0.00	0.000e+00	8.74	2.202e-06	8.74	7.334e-07	8.201e-10	218.95
exm1241703	pheno_200	6.188e-03	0.006186	1.873e-02	[[26121, 147], [487, 14]]	14	Myeloproliferative disease	2.28	7.115e-09	0.00	0.000e+00	5.11	2.215e-06	5.11	9.878e-07	8.313e-09	549.99
exm1244963	pheno_446.6	1.369e-02	0.01369	1.453e-03	[[23377, 645, 1], [28, 7, 0]]	7.0	Polyarteritis nodosa	9.44	1.119e-07	9.11	1.362e-07	8.14	4.741e-05	8.14	1.578e-05	1.883e-07	57.10
exm1247268	pheno_270.32	1.474e-03	0.001474	1.134e-02	[[27381, 74], [309, 7]]	7	Paraproteinemia	9.21	4.057e-08	8.71	8.327e-08	8.38	3.910e-05	8.38	1.335e-05	1.213e-07	60.51
exm1247933	pheno_270.32	1.043e-03	0.001043	1.134e-02	[[27589, 51], [311, 6]]	6	Paraproteinemia	11.12	4.829e-08	11.09	4.822e-08	10.44	4.523e-05	10.44	1.393e-05	8.850e-08	43.37
exm1249577	pheno_204.3	1.302e-02	0.01302	1.074e-03	[[26279, 694, 5], [22, 6, 1]]	8.0	Monocytic leukemia	12.11	9.668e-11	11.87	1.136e-10	12.10	9.401e-07	12.10	2.592e-07	8.828e-11	180.34
exm1255809	pheno_502	1.262e-03	0.001278	1.763e-02	[[20185, 43], [356, 7]]	7	Postinflammatory pulmonary fibrosis	9.82	4.958e-08	9.69	5.665e-08	9.23	2.599e-05	9.23	8.756e-06	7.027e-08	62.45
exm1256501	pheno_079.2	1.851e-03	0.00185	1.021e-03	[[24366, 81, 3], [23, 1, 1]]	3.0	Infectious mononucleosis	21.74	1.432e-08	24.18	4.955e-09	35.81	1.107e-04	35.81	1.687e-05	7.335e-09	10.38
exm1257719	pheno_794	1.396e-03	0.001396	1.687e-03	[[29500, 80], [47, 3]]	3	Abnormal results of other function studies (bladder, pancreas, placenta, spleen, etc)	24.87	1.335e-07	23.48	1.969e-07	23.54	3.778e-04	23.54	7.104e-05	3.424e-07	9.27
exm1260167	pheno_728.71	1.264e-03	0.001263	2.667e-03	[[23468, 44, 2], [60, 3, 0]]	3.0	Contracture of palmar fascia	22.84	3.866e-08	18.56	1.678e-07	23.87	3.532e-04	23.87	6.682e-05	2.610e-07	9.42
exm1261200	pheno_642.1	2.748e-03	0.002748	6.860e-03	[[15081, 87], [98, 6]]	6	Preeclampsia and eclampsia	11.98	2.389e-08	0.00	0.000e+00	10.61	4.071e-05	10.61	1.214e-05	6.659e-08	44.77
exm1261200	pheno_697	2.748e-03	0.002748	1.112e-02	[[25047, 139], [274, 10]]	10	Sarcoidosis	6.21	4.657e-08	6.44	2.272e-08	6.58	7.092e-06	6.58	2.739e-06	1.673e-08	195.34
exm1261995	pheno_930	1.026e-03	0.001026	4.977e-03	[[24146, 43], [117, 4]]	4	Allergic reaction to food	20.48	1.207e-07	20.30	1.149e-07	19.20	8.827e-05	19.20	1.939e-05	4.157e-08	18.14
exm1262354	pheno_324	1.127e-03	0.001127	3.389e-03	[[29046, 63], [95, 4]]	4	Other CNS infection and poliomyelitis	19.4	1.876e-08	19.54	1.675e-08	19.41	8.079e-05	19.41	1.737e-05	2.843e-08	18.70
exm1262644	pheno_571.6	2.062e-03	0.002061	1.011e-02	[[23096, 99], [230, 8]]	8	Primary biliary cirrhosis	8.08	2.628e-08	7.71	4.823e-08	8.11	1.382e-05	8.11	4.795e-06	2.412e-08	102.94
exm1262644	pheno_642.1	2.062e-03	0.002061	6.860e-03	[[15073, 65], [99, 5]]	5	Preeclampsia and eclampsia	14.16	5.281e-08	0.00	0.000e+00	11.71	1.143e-04	11.71	3.225e-05	2.908e-07	25.99
exm1264809	pheno_523.32	1.009e-03	0.001009	1.126e-03	[[27463, 47], [28, 3]]	3	Chronic periodontitis	68.16	2.989e-11	65.40	2.932e-11	62.61	2.442e-05	62.61	2.873e-06	7.767e-11	10.77
exm1264809	pheno_525	1.009e-03	0.001009	4.739e-03	[[27463, 47], [127, 4]]	4	Other diseases of the teeth and supporting structures	18.73	3.11e-08	18.20	4.052e-08	18.40	1.013e-04	18.40	2.263e-05	5.690e-08	17.96
exm1269718	pheno_281.11	1.464e-03	0.001463	1.054e-02	[[19014, 43], [197, 6]]	6	Pernicious anemia	13.48	5.654e-08	13.42	3.489e-08	13.47	1.221e-05	13.47	3.357e-06	4.991e-09	54.83
exm1270003	pheno_430.3	3.617e-03	0.003616	6.091e-03	[[24466, 169], [143, 8]]	8	Subdural hemorrhage	7.72	4.481e-08	7.82	3.518e-08	8.10	1.345e-05	8.10	4.597e-06	2.117e-08	105.45
exm1272378	pheno_172.1	8.607e-02	0.08609	4.747e-02	[[20278, 3622, 175], [915, 264, 20]]	304.0	Melanomas of skin, dx or hx	1.65	4.862e-15	1.64	1.331e-14	1.61	-4.570e-11	1.61	4.036e-13	2.806e-14	nan
exm1272378	pheno_172	8.607e-02	0.08609	1.130e-01	[[20278, 3622, 175], [2433, 592, 39]]	670.0	Skin cancer	1.42	2.296e-14	1.40	2.655e-13	1.37	-7.861e-11	1.37	3.764e-12	9.664e-13	nan
exm1272378	pheno_172.11	8.607e-02	0.08609	4.137e-02	[[20278, 3622, 175], [789, 232, 17]]	266.0	Melanomas of skin	1.67	6.074e-14	1.66	1.277e-13	1.63	-1.318e-11	1.63	3.005e-12	2.350e-13	nan
exm1272378	pheno_702.1	8.607e-02	0.08609	6.829e-02	[[19086, 3407, 165], [1315, 319, 26]]	371.0	Actinic keratosis	1.51	1.84e-11	1.45	5.257e-10	1.40	1.743e-08	1.40	9.105e-09	3.073e-09	nan
exm1272378	pheno_172.2	8.607e-02	0.08609	8.372e-02	[[20278, 3622, 175], [1752, 417, 27]]	471.0	Other non-epithelial cancer of skin	1.4	5.282e-10	1.36	5.741e-09	1.34	5.100e-08	1.34	2.376e-08	1.016e-08	nan
exm1272386	pheno_172.11	7.746e-02	0.07745	4.137e-02	[[20560, 3379, 137], [818, 209, 12]]	233.0	Melanomas of skin	1.54	2.189e-09	1.55	1.792e-09	1.54	1.034e-08	1.54	5.002e-09	1.054e-09	nan
exm1272386	pheno_172.1	7.746e-02	0.07745	4.747e-02	[[20560, 3379, 137], [952, 233, 15]]	263.0	Melanomas of skin, dx or hx	1.5	2.894e-09	1.50	2.268e-09	1.50	1.001e-08	1.50	5.061e-09	1.192e-09	nan
exm127281	pheno_353	1.329e-03	0.001329	5.744e-03	[[25891, 68], [145, 5]]	5	Nerve root and plexus disorders	12.93	5.858e-08	13.08	4.859e-08	13.13	6.420e-05	13.13	1.709e-05	6.469e-08	29.66
exm1273309	pheno_610.2	1.060e-03	0.00106	1.613e-03	[[12357, 20, 0], [18, 2, 0]]	2.0	Fibroadenosis of breast	67.05	1.165e-07	0.00	0.000e+00	65.09	5.744e-04	65.09	6.457e-05	8.884e-08	4.60
exm1277018	pheno_512.2	1.072e-01	0.1073	1.613e-02	[[15285, 3675, 206], [217, 83, 13]]	109.0	Painful respiration	1.78	8.786e-08	1.77	8.815e-08	1.77	4.645e-07	1.77	2.396e-07	5.768e-08	26655.55
exm1279195	pheno_635.3	1.717e-03	0.001716	1.370e-03	[[15256, 42, 3], [19, 1, 1]]	3.0	Placenta previa and abruptio placenta	17.44	1.33e-07	0.00	0.000e+00	48.96	4.762e-05	48.96	6.320e-06	5.980e-10	10.66
exm1279453	pheno_352.2	1.430e-03	0.001429	6.011e-03	[[25887, 75], [152, 5]]	5	Facial nerve disorders [CN7]	12.15	1.151e-07	11.82	1.487e-07	11.35	1.231e-04	11.35	3.507e-05	3.044e-07	26.23
exm1282050	pheno_703.8	2.692e-03	0.002691	1.576e-03	[[27730, 148], [40, 4]]	4	Other specified diseases of nail	19.03	3.635e-08	18.86	3.310e-08	18.74	9.672e-05	18.74	2.078e-05	5.338e-08	17.92
exm1282379	pheno_642.1	4.017e-03	0.004032	6.860e-03	[[14977, 119], [94, 8]]	8	Preeclampsia and eclampsia	13.48	3.33e-11	0.00	0.000e+00	10.71	2.165e-06	10.71	6.514e-07	5.079e-10	155.64
exm1282533	pheno_286.3	1.0